0.128131959570359   0.212440431067095   0   0   0
0.186483292419196   0.152546658491443   0.0583513328488371   -0.0598937725756517   0
0.123256695195758   0.146849219293507   -0.0632265972234376   -0.00569743919793625   0
0.110584478072878   0.158158102004015   -0.0126722171228797   0.0113088827105083   0
0.0908639993879864   0.172158272749496   -0.0197204786848919   0.0140001707454812   0
0.146508559515579   0.150360150282031   0.0556445601275927   -0.0217981224674653   0
0.106605720019331   0.146005710446938   -0.0399028394962481   -0.00435443983509351   0
0.146421350181181   0.148598986077059   0.0398156301618499   0.00259327563012141   0
0.109025310069039   0.134529342801313   -0.0373960401121424   -0.0140696432757463   0
0.138166687046553   0.148387847355334   0.0291413769775141   0.0138585045540215   0
0.117095656166444   0.133284791749577   -0.0210710308801089   -0.0151030556057573   0
0.146751716531187   0.140321520634844   0.0296560603647438   0.00703672888526718   0
0.208945528843668   0.0843260077913244   0.0621938123124803   -0.0559955128435198   0
0.13116687914447   0.121220571371208   -0.0777786496991978   0.0368945635798835   0
0.196825302039169   0.104128546912278   0.0656584228946987   -0.0170920244589298   0
0.190193183369962   0.108351046777696   -0.00663211866920668   0.00422249986541805   0
0.168183771719539   0.107432760191259   -0.0220094116504231   -0.000918286586437458   0
0.166567181177626   0.110262769573837   -0.00161659054191321   0.00283000938257853   0
0.208370429307903   0.0862633881633744   0.0418032481302777   -0.0239993814104628   0
0.25048719443239   0.0825647200672448   0.0421167651244866   -0.00369866809612955   0
0.101980334845744   0.0330020288702074   -0.148506859586646   -0.0495626911970375   0
0.135157654352575   0.0252936726723305   0.0331773195068309   -0.00770835619787684   0
0.110264111445474   0.0401167309630907   -0.0248935429071001   0.0148230582907602   0
0.12604732998616   0.0438399669630635   0.015783218540686   0.00372323599997281   0
0.142789023392206   0.0494735648562442   0.0167416934060458   0.00563359789318068   0
0.130207287680222   0.0232662044054246   -0.0125817357119845   -0.0262073604508196   0
0.148951524235303   0.0444828314411583   0.0187442365550811   0.0212166270357337   0
0.164762137270066   0.0421327477395849   0.015810613034763   -0.00235008370157334   0
0.129656273779713   0.0338270172297766   -0.0351058634903524   -0.00830573050980838   0
0.178736622292943   0.0523543671070045   0.0490803485132291   0.018527349877228   0
0.144326070172821   0.0481909620453359   -0.0344105521201217   -0.00416340506166869   0
0.189773377737658   0.0646464018693423   0.0454473075648376   0.0164554398240064   0
0.193307844547395   0.0738884869460899   0.00353446680973699   0.00924208507674765   0
0.142898418076618   0.0562735133446011   -0.0504094264707771   -0.0176149736014888   0
0.192689617057173   0.0727195030780086   0.0497911989805547   0.0164459897334075   0
0.157194865384624   0.0688881181012009   -0.0354947516725493   -0.00383138497680771   0
0.181962456001918   0.0597248723053051   0.0247675906172943   -0.00916324579589577   0
0.204183703733084   0.0597100304759175   0.0222212477311663   -1.48418293875741e-05   0
0.153073599318498   0.0596509476704687   -0.0511101044145867   -5.9082805448786e-05   0
0.215372540776697   0.088626278196509   0.0622989414581992   0.0289753305260402   0
0.196328745483819   0.0798780085593807   -0.0190437952928784   -0.00874826963712824   0
0.197327654163348   0.0805403822443437   0.000998908679529786   0.000662373684963025   0
0.222456920810772   0.0808276698895867   0.0251292666474235   0.000287287645242953   0
0.197037639819503   0.0821596760955458   -0.0254192809912693   0.00133200620595911   0
0.242343369483075   0.0778347009299837   0.0453057296635721   -0.00432497516556216   0
0.242025006274145   0.141940212463002   -0.000318363208929417   0.0641055115330187   0
0.110493354418391   1.09337958664409   -0.131531651855754   0.951439374181087   1
0.241849924488172   1.0392945935067   0.131356570069781   -0.0540849931373926   1
0.131995624473891   0.969165814341514   -0.109854300014281   -0.0701287791651829   0
0.255906578668145   0.916734066120732   0.123910954194254   -0.0524317482207823   0
0.213309365898135   0.892139753047694   -0.0425972127700103   -0.0245943130730381   0
0.256072071089449   0.912105444494906   0.0427627051913144   0.0199656914472123   0
0.272385644963185   0.910815002698819   0.0163135738737352   -0.00129044179608662   0
0.216929806700647   0.90889911098606   -0.0554558382625377   -0.0019158917127593   0
0.277720638339339   0.938911001102474   0.0607908316386923   0.0300118901164143   0
0.240356506997439   0.922987398140002   -0.0373641313419   -0.0159236029624724   0
0.299790340598709   0.939077123195694   0.0594338336012699   0.016089725055692   0
0.229816332596576   0.93189586297236   -0.0699740080021332   -0.00718126022333354   0
0.286446974311564   0.901543395440563   0.0566306417149885   -0.0303524675317969   0
0.261326574434442   0.883733260713463   -0.0251203998771222   -0.0178101347271   0
0.269518367785945   0.86743724463704   0.008191793351503   -0.0162960160764232   0
0.314004955248416   0.888602186255469   0.0444865874624713   0.0211649416184293   0
0.232823351965176   0.864374092528808   -0.0811816032832409   -0.0242280937266615   0
0.3241171242471   0.898689174424061   0.0912937722819244   0.034315081895253   0
0.281580758946008   0.876934118529152   -0.0425363653010916   -0.0217550558949093   0
0.269033468394343   0.87473127971752   -0.0125472905516651   -0.00220283881163164   0
0.312740294415734   0.871684687602834   0.0437068260213909   -0.00304659211468628   0
0.250150951637946   0.841198133714941   -0.062589342777788   -0.0304865538878927   0
0.300266949648142   0.869526097008738   0.0501159980101962   0.0283279632937974   0
0.25100203714253   0.836645799127982   -0.0492649125056123   -0.0328802978807562   0
0.234176792406528   0.814685166298921   -0.0168252447360022   -0.0219606328290616   0
0.165847089613083   0.78460925325365   -0.0683297027934447   -0.0300759130452708   0
0.278392383424906   0.797608215844878   0.112545293811823   0.0129989625912285   0
0.192127853334336   0.809025607544347   -0.0862645300905705   0.0114173916994689   0
0.222984695265482   0.80570289812514   0.0308568419311467   -0.00332270941920709   0
0.237784920173862   0.846983384608577   0.0148002249083799   0.0412804864834365   0
0.198248938277233   0.825578731569709   -0.0395359818966295   -0.0214046530388674   0
0.23969439065047   0.830294026090306   0.0414454523732371   0.00471529452059705   0
0.227607655996124   0.823001765167305   -0.0120867346543456   -0.00729226092300106   0
0.221970280190164   0.819859578653564   -0.00563737580595994   -0.00314218651374076   0
0.232271833511857   0.823082027440917   0.0103015533216932   0.00322244878735234   0
0.174838748306718   0.839126707373952   -0.0574330852051391   0.0160446799330352   0
0.23839022510424   0.821206696569901   0.0635514767975213   -0.0179200108040505   0
0.165559988630647   0.793390165667246   -0.0728302364735925   -0.0278165309026555   0
0.106572703969872   0.791805385339415   -0.058987284660775   -0.0015847803278306   0
0.184421376288678   0.794493361163578   0.0778486723188054   0.00268797582416291   0
0.143433748363765   0.791047343007515   -0.0409876279249121   -0.00344601815606282   0
0.178981646532543   0.817372997796906   0.0355478981687771   0.0263256547893901   0
0.179791144908335   0.813513580598996   0.000809498375792667   -0.00385941719790905   0
0.182725171171818   0.820415490982008   0.00293402626348252   0.0069019103830118   0
0.206955293542857   0.829951075729768   0.024230122371039   0.00953558474776017   0
0.193041851780831   0.957651463185981   -0.0139134417620252   0.127700387456212   0
0.261418527746962   0.888059297426979   0.06837667596613   -0.0695921657590014   0
0.248941187443647   0.73931988476234   -0.0124773403033149   -0.148739412664639   0
0.214159769874573   0.760072108856291   -0.0347814175690738   0.0207522240939513   0
0.246731907849107   0.74779518793534   0.0325721379745337   -0.0122769209209517   0
0.264845209034636   0.767190106525918   0.0181133011855294   0.0193949185905786   0
0.226095071389847   0.771653393384135   -0.038750137644789   0.00446328685821629   0
0.244739695499864   0.769054112251537   0.0186446241100168   -0.00259928113259744   0
0.244028657845713   0.80064954363629   -0.000711037654150676   0.0315954313847533   0
0.228673551022081   0.78507452346099   -0.0153551068236318   -0.0155750201753009   0
0.263448624812259   0.803673295652842   0.0347750737901777   0.018598772191852   0
0.207854571093403   0.781746516378551   -0.0555940537188561   -0.0219267792742907   0
0.259126046979786   0.801839265848524   0.0512714758863826   0.020092749469973   0
0.220570742652259   0.787289061514416   -0.0385553043275267   -0.0145502043341078   0
0.237488596686562   0.781305590377414   0.0169178540343029   -0.00598347113700171   0
0.259723232758065   0.797090179843065   0.0222346360715032   0.0157845894656508   0
0.19957441922511   0.811981389600772   -0.0601488135329549   0.0148912097577064   0
0.246852310750396   0.815819972285553   0.0472778915252857   0.00383858268478121   0
0.242884853118613   0.821597316803372   -0.00396745763178327   0.00577734451781908   0
0.19670043301325   0.825332969878976   -0.0461844201053627   0.00373565307560386   0
0.238532131329513   0.84858892885852   0.041831698316263   0.0232559589795441   0
0.219467683969759   0.831840986387122   -0.019064447359754   -0.016747942471398   0
0.241978991427438   0.842668955608458   0.0225113074576788   0.0108279692213364   0
0.411090221684243   0.820852350484848   0.169111230256805   -0.0218166051236102   0
0.161630854153655   0.774819418729293   -0.249459367530588   -0.0460329317555548   0
0.212640808667951   0.784838765320145   0.051009954514296   0.0100193465908518   0
0.208912789785307   0.834040368424245   -0.00372801888264337   0.0492016031040997   0
0.210179120545429   0.846330946431861   0.00126633076012178   0.0122905780076163   0
0.222845454138337   0.838079263061227   0.0126663335929083   -0.00825168337063387   0
0.250783068468467   0.849007768553975   0.0279376143301301   0.0109285054927475   0
0.254116429912845   0.86463230607756   0.0033333614443779   0.0156245375235856   0
0.251751679054547   0.866362398374952   -0.00236475085829807   0.00173009229739196   0
0.272810079715955   0.870373111148317   0.0210584006614075   0.00401071277336418   0
0.261906251881013   0.881037883691729   -0.0109038278349421   0.0106647725434119   0
0.271232830790153   0.890367713981139   0.00932657890914079   0.00932983028941081   0
0.264057052773108   0.887098837208262   -0.00717577801704522   -0.00326887677287757   0
0.30607428035227   0.8881936487902   0.0420172275791619   0.00109481158193858   0
0.266277060559731   0.89035491539905   -0.0397972197925395   0.00216126660884985   0
0.289631676744206   0.88676999614965   0.023354616184475   -0.0035849192494003   0
0.285184440807265   0.904322908857367   -0.00444723593694041   0.0175529127077172   0
0.265004747005   0.90118486706946   -0.0201796938022651   -0.00313804178790733   0
0.314544814077883   0.917463529248166   0.0495400670728829   0.0162786621787061   0
0.287328224933055   0.915055697418059   -0.0272165891448284   -0.00240783183010695   0
0.307556936925133   0.916642971552311   0.020228711992078   0.00158727413425175   0
0.316684621232623   0.924254809263117   0.00912768430749061   0.00761183771080598   0
0.248946986080812   0.925131674878366   -0.0677376351518112   0.000876865615249023   0
0.310802142664654   0.949778861696764   0.0618551565838421   0.0246471868183979   0
0.268110290587381   0.93676421465396   -0.0426918520772729   -0.013014647042804   0
0.346344446356514   0.87233813940252   0.0782341557691325   -0.0644260752514398   0
0.351412825652394   0.852351087354853   0.0050683792958805   -0.019987052047667   0
0.313601530424534   0.956086716831951   -0.03781129522786   0.103735629477099   0
0.242382292980531   0.894145768327793   -0.0712192374440031   -0.0619409485041582   0
0.26118105678705   0.90302228419915   0.0187987638065185   0.00887651587135641   0
0.279755562577494   0.932430258438801   0.0185745057904441   0.0294079742396518   0
0.311001535624521   0.964000225717946   0.031245973047027   0.0315699672791443   0
0.330812079673052   0.970624229154877   0.0198105440485318   0.00662400343693159   0
0.343452960566538   0.991121932996264   0.0126408808934857   0.0204977038413863   0
0.368058292128869   1.00693925656578   0.024605331562331   0.0158173235695186   0
0.370247649741426   1.00702280816288   0.00218935761255729   8.35515970967204e-05   0
0.397281154635555   1.01220645762167   0.0270335048941288   0.00518364945878647   0
0.373587145476822   1.00776074123834   -0.0236940091587335   -0.00444571638332469   0
0.406138373488704   0.990712588739792   0.0325512280118822   -0.0170481524985489   0
0.385409442769928   1.02258383210192   -0.0207289307187755   0.0318712433621293   0
0.381863934823819   1.02944370326041   -0.00354550794610931   0.0068598711584853   0
0.399184861320228   1.14864181124894   0.0173209264964093   0.119198107988535   0
0.32368910567143   1.24108967152912   -0.0754957556487986   0.0924478602801744   0
0.388303108756343   1.19987037551146   0.0646140030849128   -0.0412192960176612   0
0.371778717892633   1.17866399773218   -0.0165243908637097   -0.021206377779277   0
0.402932952582896   1.14811764471351   0.0311542346902626   -0.0305463530186669   0
0.422523818081596   1.1874563021461   0.0195908654987009   0.0393386574325933   0
0.414355008869771   1.10728672908217   -0.00816880921182528   -0.0801695730639305   0
0.408200174178025   1.08873831830702   -0.0061548346917461   -0.018548410775153   0
0.404533695617312   1.08630440740901   -0.00366647856071317   -0.00243391089800649   0
0.434913400989921   1.09514030503539   0.0303797053726093   0.00883589762637205   0
0.424167344546819   1.09847797576067   -0.010746056443102   0.00333767072527946   0
0.406504202820236   1.09458441472826   -0.0176631417265832   -0.00389356103240956   0
0.412315160822847   1.1293918299648   0.00581095800261072   0.0348074152365483   0
0.395957906790116   1.11325263752989   -0.016357254032731   -0.0161391924349177   0
0.418425653389775   1.14660630693582   0.0224677465996591   0.0333536694059329   0
0.339127876213443   1.09168415368835   -0.0792977771763324   -0.0549221532474695   0
0.289197167821125   1.08981996396951   -0.0499307083923174   -0.00186418971884206   0
0.325614847257323   1.11654875644562   0.0364176794361982   0.0267287924761073   0
0.358499671133685   1.29094443063025   0.0328848238763613   0.17439567418463   0
0.360251215480267   0.983024152957342   0.00175154434658281   -0.307920277672904   0
0.263788729144916   0.930431669794859   -0.0964624863353511   -0.0525924831624829   0
0.284319585666992   1.02242394403471   0.0205308565220757   0.0919922742398548   0
0.317581266027463   1.03764769807303   0.0332616803604713   0.015223754038312   0
0.306326774482055   1.07902602211589   -0.0112544915454079   0.0413783240428682   0
0.332415526595736   1.08274867769268   0.0260887521136805   0.0037226555767873   0
0.328787421224589   1.11569545490839   -0.00362810537114644   0.0329467772157133   0
0.357192252463693   1.13880889958906   0.0284048312391033   0.0231134446806671   0
0.332309342067135   1.12681784893178   -0.0248829103965573   -0.0119910506572793   0
0.340370531824143   1.114060702651   0.00806118975700759   -0.0127571462807781   0
0.333333057813038   1.11364590399754   -0.00703747401110472   -0.000414798653463944   0
