0.298200157809214   0.27746671102881   0   0   0
0.280829671032478   0.264360751480293   -0.0173704867767354   -0.0131059595485172   0
0.301097018232347   0.265102915346687   0.0202673471998682   0.000742163866394085   0
0.205822983197917   0.245926764302958   -0.0952740350344296   -0.019176151043729   0
0.252286889001886   0.238517693798196   0.0464639058039692   -0.00740907050476164   0
0.162468444025725   0.244609033184263   -0.0898184449761616   0.00609133938606723   0
0.225733134291557   0.235609214895046   0.0632646902658322   -0.0089998182892172   0
0.185050962032085   0.21613241193017   -0.0406821722594722   -0.0194768029648765   0
0.177701653353704   0.187020439417467   -0.00734930867838052   -0.0291119725127024   0
0.188641480328188   0.197822505777787   0.0109398269744836   0.0108020663603197   0
0.119381765026364   0.173846943657316   -0.0692597153018236   -0.0239755621204708   0
0.161138297379022   0.172475541816579   0.0417565323526575   -0.00137140184073695   0
0.103578970092437   0.145341610715282   -0.0575593272865844   -0.0271339311012973   0
0.240691284732144   0.0656695743240353   0.137112314639707   -0.0796720363912464   0
0.11418161987137   0.0806845127907147   -0.126509664860774   0.0150149384666794   0
0.125826951207164   0.0575683920036204   0.011645331335794   -0.0231161207870943   0
0.115149725340358   0.058662303041566   -0.0106772258668054   0.00109391103794564   0
0.0834393656793962   0.0577162867761995   -0.0317103596609623   -0.000946016265366514   0
0.0889924549859706   0.0509204616591651   0.00555308930657439   -0.00679582511703442   0
0.0899820087964811   0.0467407841612119   0.00098955381051051   -0.00417967749795314   0
0.0816189328710563   0.0373807562886641   -0.00836307592542476   -0.00936002787254784   0
0.11732982585937   0.0163046378461138   0.0357108929883133   -0.0210761184425503   0
0.0809851168290816   0.0515011023975616   -0.036344709030288   0.0351964645514478   0
0.104740657293765   0.0207251853878053   0.0237555404646837   -0.0307759170097563   0
0.145295375308679   0.0230446115465742   0.0405547180149141   0.00231942615876884   0
0.134676388720147   0.0342353274014577   -0.0106189865885329   0.0111907158548835   0
0.11682675236045   0.0349407824074176   -0.0178496363596961   0.000705455005959865   0
0.172735626433142   0.0474398908545857   0.0559088740726917   0.0124991084471681   0
0.1367485763312   0.0589268925876166   -0.0359870501019422   0.0114870017330309   0
0.146057096820867   0.0388556054438095   0.00930852048966671   -0.020071287143807   0
0.198343371675442   0.0461404982617627   0.0522862748545751   0.00728489281795316   0
0.111800388970209   0.0475470195349035   -0.0865429827052328   0.00140652127314087   0
0.195435948200644   0.048846830619857   0.0836355592304354   0.00129981108495346   0
0.170832392040199   0.0587832523736831   -0.0246035561604448   0.00993642175382614   0
0.169846048551858   0.0554725123081017   -0.000986343488341784   -0.00331074006558141   0
0.213257481796677   0.0627309219477747   0.0434114332448193   0.00725840963967296   0
0.233144876072132   0.0745715144535767   0.0198873942754546   0.011840592505802   0
0.184599042669266   0.0897256277444884   -0.0485458334028653   0.0151541132909117   0
0.238099131990489   0.0785156764901125   0.0535000893212229   -0.0112099512543759   0
0.242615447240741   0.111116111152085   0.00451631525025203   0.0326004346619725   0
0.232156908297147   0.0945701502098971   -0.0104585389435941   -0.0165459609421878   0
0.278143658344101   0.126052082985862   0.0459867500469539   0.0314819327759644   0
0.22205440647195   0.108097475939417   -0.0560892518721511   -0.0179546070464442   0
0.240700122532187   0.100769164041511   0.0186457160602373   -0.00732831189790606   0
0.267125195726667   0.111389668380129   0.0264250731944794   0.0106205043386173   0
0.21765793872177   0.114816410659071   -0.0494672570048962   0.00342674227894278   0
0.226543594455548   0.10476254294594   0.00888565573377795   -0.0100538677131309   0
0.282121243396806   0.146328776348929   0.0555776489412578   0.041566233402989   0
0.2132649526652   0.129629532755898   -0.0688562907316062   -0.0166992435930312   0
0.299212904295587   0.134991980226688   0.0859479516303868   0.00536244747078965   0
0.253370962646176   0.148045945780567   -0.0458419416494107   0.0130539655538788   0
0.264618164066423   0.138704133271372   0.0112472014202464   -0.00934181250919483   0
0.298818916265717   0.140831821528392   0.0342007521992945   0.00212768825702059   0
0.305175240888068   0.161126980371422   0.00635632462235047   0.0202951588430291   0
0.248864965525262   0.154511068993551   -0.0563102753628052   -0.00661591137787021   0
0.344684293104937   0.174748509838782   0.0958193275796745   0.0202374408452309   0
0.279246560021229   0.185191195820131   -0.0654377330837075   0.0104426859813484   0
0.302922319274497   0.18513882368672   0.0236757592532673   -5.23721334104443e-05   0
0.351503944136919   0.218958392115329   0.0485816248624221   0.0338195684286083   0
0.280252843225113   0.203985080065093   -0.0712511009118051   -0.0149733120502354   0
0.329960509411432   0.204083291596348   0.0497076661863184   9.82115312547771e-05   0
0.378685121137913   0.231945867856128   0.0487246117264808   0.0278625762597802   0
0.278714702712614   0.219699340774734   -0.0999704184252985   -0.0122465270813947   0
0.341589153286942   0.230810306772818   0.0628744505743279   0.0111109659980848   0
0.342911100165859   0.255755774690273   0.00132194687891718   0.0249454679174545   0
0.276583574752081   0.233522019983882   -0.0663275254137782   -0.0222337547063911   0
0.36885771677079   0.266059504477833   0.0922741420187085   0.0325374844939512   0
0.282929886398397   0.238055766664142   -0.0859278303723922   -0.0280037378136908   0
0.391462866409127   0.25825963451552   0.10853298001073   0.0202038678513779   0
0.279561375856555   0.257305627451305   -0.111901490552572   -0.000954007064214613   0
0.342239410348312   0.255142825334659   0.0626780344917566   -0.0021628021166461   0
0.392111900636999   0.275159744492091   0.0498724902886877   0.0200169191574311   0
0.31231516258171   0.262698889520702   -0.0797967380552893   -0.0124608549713885   0
0.37313609210051   0.274661003568035   0.0608209295187995   0.0119621140473328   0
0.403921795819983   0.275838739449742   0.0307857037194734   0.001177735881707   0
0.295697059700447   0.274085155493348   -0.108224736119535   -0.00175358395639413   0
0.360655137072814   0.27368223954084   0.0649580773723661   -0.000402915952507132   0
0.39227600277937   0.29436008068426   0.031620865706556   0.0206778411434195   0
0.339475911681536   0.284077577959459   -0.0528000910978337   -0.0102825027248011   0
0.373726540103911   0.287936928651033   0.0342506284223748   0.00385935069157395   0
0.412825655483341   0.300638406586617   0.0390991153794301   0.0127014779355841   0
0.371851474801015   0.30058456233746   -0.0409741806823257   -5.38442491567204e-05   0
0.36266886918131   0.279877046223538   -0.00918260561970535   -0.0207075161139221   0
0.39991684751333   0.305924791290621   0.0372479783320203   0.0260477450670828   0
0.365977595496295   0.305381645758222   -0.0339392520170346   -0.000543145532399314   0
0.275591772255287   0.329283830946392   -0.0903858232410083   0.0239021851881703   0
0.136499404432767   0.379002197984576   -0.13909236782252   0.0497183670381844   0
0.445297318946072   0.409173942923899   0.308797914513306   0.0301717449393225   0
0.315545739812297   0.419157005495423   -0.129751579133775   0.00998306257152409   0
0.341269541121809   0.4172702019297   0.0257238013095115   -0.00188680356572318   0
0.375944422477432   0.434016313279685   0.0346748813556234   0.0167461113499856   0
0.332941139177543   0.433984092641528   -0.0430032832998892   -3.22206381578316e-05   0
0.309825332570079   0.429410271481296   -0.023115806607464   -0.00457382116023197   0
0.39248287938477   0.439693035733286   0.0826575468146912   0.0102827642519902   0
0.326761595281162   0.444335705523583   -0.065721284103608   0.00464266979029693   0
0.354975150217152   0.435698758066227   0.0282135549359904   -0.00863694745735577   0
0.414497628809092   0.455026707456636   0.0595224785919398   0.0193279493904094   0
0.396659788857013   0.467907318586631   -0.0178378399520794   0.0128806111299947   0
0.39892991491089   0.44759934914047   0.00227012605387727   -0.0203079694461609   0
0.41311652643897   0.447212857037678   0.0141866115280797   -0.000386492102792291   0
0.41635040744666   0.459025462863088   0.00323388100769051   0.0118126058254104   0
0.363044750203388   0.445226557250872   -0.0533056572432727   -0.0137989056122159   0
0.391636686310476   0.442600776502041   0.0285919361070883   -0.00262578074883102   0
0.407934286299656   0.451807782972903   0.0162975999891806   0.00920700647086192   0
0.389014634493678   0.457847706500642   -0.0189196518059782   0.00603992352773874   0
0.387593774700897   0.457521813833657   -0.00142085979278078   -0.000325892666984573   0
0.423895845312041   0.462559485276545   0.0363020706111438   0.00503767144288775   0
0.406025719864099   0.45206418300844   -0.017870125447942   -0.0104953022681052   0
0.390768858297088   0.458089334186048   -0.0152568615670108   0.00602515117760766   0
0.442905975572694   0.472998157071373   0.0521371172756058   0.0149088228853257   0
0.397711406651859   0.473077658996032   -0.0451945689208357   7.95019246587758e-05   0
0.360470186995832   0.457402917683942   -0.0372412196560267   -0.0156747413120899   0
0.444589134179143   0.464700413295007   0.0841189471833111   0.00729749561106496   0
0.116895126202678   0.530652685971427   -0.327694007976465   0.06595227267642   0
0.502311795017636   0.444041866999892   0.385416668814959   -0.0866108189715349   0
0.470996899575103   0.388609335213077   -0.031314895442533   -0.0554325317868148   0
0.284234301555407   0.403247839069225   -0.186762598019697   0.0146385038561481   0
0.390146243035211   0.437166010037949   0.105911941479804   0.0339181709687233   0
0.339457547756711   0.462811588707003   -0.0506886952784996   0.025645578669054   0
0.341677237390435   0.450930065842532   0.00221968963372399   -0.0118815228644711   0
0.412267770947779   0.492294112523195   0.0705905335573431   0.0413640466806631   0
0.356803660049837   0.4684550830093   -0.0554641108979411   -0.0238390295138951   0
0.42601694162411   0.467597509571266   0.0692132815742721   -0.000857573438033998   0
0.420562585132403   0.481424247989754   -0.00545435649170622   0.0138267384184881   0
0.416870985019634   0.484762790553792   -0.00369160011276926   0.00333854256403854   0
0.460878432794473   0.505667758861735   0.0440074477748393   0.0209049683079429   0
0.385081557795229   0.484788063233306   -0.0757968749992448   -0.0208796956284291   0
0.443217216190042   0.501089254900262   0.0581356583948129   0.0163011916669561   0
0.443464035882562   0.519120716350976   0.000246819692520273   0.0180314614507133   0
0.373687004774383   0.496642809436694   -0.0697770311081785   -0.0224779069142815   0
0.413979251901457   0.508102861079024   0.0402922471270737   0.01146005164233   0
0.367052336964485   0.524075665356874   -0.0469269149369718   0.0159728042778498   0
0.408141717289485   0.524743555728653   0.0410893803249999   0.000667890371779167   0
0.409049406590744   0.524763514275002   0.000907689301259063   1.99585463487306e-05   0
0.385673241679585   0.534447883870121   -0.0233761649111587   0.00968436959511887   0
0.437128825368323   0.544549601847711   0.0514555836887378   0.0101017179775899   0
0.479778938924178   0.587387485376987   0.0426501135558546   0.0428378835292764   0
0.295362320276724   0.557452870106747   -0.184416618647454   -0.0299346152702397   0
0.442832331995982   0.599003745874347   0.147470011719259   0.0415508757676002   0
0.359615864329551   0.574539016321999   -0.0832164676664315   -0.0244647295523486   0
0.418597099184359   0.574778575956211   0.058981234854808   0.000239559634212294   0
0.438442418175762   0.587042973276233   0.0198453189914033   0.0122643973200218   0
0.278304767003532   0.585028199295128   -0.160137651172231   -0.00201477398110506   0
0.406891207573769   0.589417972670074   0.128586440570237   0.00438977337494595   0
0.321484812119655   0.582646729133958   -0.0854063954541138   -0.00677124353611569   0
0.384272685246102   0.590718236781505   0.0627878731264471   0.00807150764754661   0
0.394400633093863   0.600579615881608   0.0101279478477608   0.00986137910010332   0
0.330750562190845   0.600048641609995   -0.0636500709030182   -0.000530974271613305   0
0.450736776020817   0.627545297421031   0.119986213829972   0.027496655811036   0
0.336328330560124   0.606639751527626   -0.114408445460693   -0.0209055458934045   0
0.415342931267031   0.618998789853623   0.0790146007069075   0.0123590383259969   0
0.428095099058095   0.618869449606498   0.0127521677910634   -0.000129340247125076   0
0.37487994864523   0.610932390147429   -0.0532151504128651   -0.00793705945906942   0
0.435877407104807   0.615904843783721   0.0609974584595777   0.0049724536362924   0
0.385126142405368   0.630139373105863   -0.0507512646994391   0.0142345293221418   0
0.411604164793069   0.638497983497403   0.0264780223877009   0.00835861039154018   0
0.415760424001083   0.630765026265923   0.00415625920801344   -0.00773295723148049   0
0.410240392065969   0.662160878539536   -0.00552003193511347   0.0313958522736133   0
0.357041891129038   0.669728060063374   -0.0531985009369308   0.00756718152383795   0
0.443051440782004   0.698320977381641   0.0860095496529662   0.0285929173182669   0
0.357902542226079   0.702180325244342   -0.0851488985559259   0.00385934786270148   0
0.308271266771913   0.680416734401058   -0.0496312754541655   -0.0217635908432841   0
0.115055654180618   0.649853644924186   -0.193215612591295   -0.0305630894768721   0
0.358159420048531   0.702058012086252   0.243103765867913   0.052204367162066   0
0.169587993417518   0.674941179565486   -0.188571426631013   -0.0271168325207657   0
0.238705561274324   0.637454718775773   0.0691175678568063   -0.0374864607897133   0
0.212926552887046   0.64155897947753   -0.0257790083872779   0.0041042607017574   0
0.185183975660801   0.649177797330015   -0.0277425772262454   0.00761881785248464   0
0.265502229664009   0.679757279243297   0.0803182540032081   0.0305794819132823   0
0.226998066477867   0.695563272294477   -0.0385041631861419   0.0158059930511792   0
0.278987132501913   0.688933399173679   0.0519890660240464   -0.00662987312079732   0
0.273910219891135   0.7024318969119   -0.00507691261077797   0.0134984977382205   0
0.262279911777951   0.700670640255641   -0.0116303081131837   -0.00176125665625881   0
0.317298283271892   0.704055315015269   0.0550183714939409   0.00338467475962823   0
0.312556768744511   0.702490341061178   -0.00474151452738092   -0.0015649739540915   0
0.267914094344139   0.711342112401094   -0.0446426744003728   0.00885177133991588   0
0.292109507525671   0.701598607833567   0.0241954131815323   -0.00974350456752615   0
0.248432174212601   0.70411528468799   -0.0436773333130701   0.00251667685442303   0
0.34008339239316   0.731133394878971   0.0916512181805592   0.027018110190981   0
0.219181265335338   0.7092831324191   -0.120902127057822   -0.0218502624598719   0
0.348630065183943   0.743191566585796   0.129448799848604   0.0339084341666966   0
0.249746010687178   0.715154654787515   -0.0988840544967645   -0.0280369117982812   0
0.357870639568322   0.738023122095948   0.108124628881144   0.0228684673084326   0
0.24572237942369   0.703716771640765   -0.112148260144632   -0.0343063504551832   0
0.337136493386818   0.696496112211152   0.0914141139631278   -0.00722065942961225   0
