0.151637414617238   0.0789582907051115   0   0   0
0.200769611802309   0.068086728195185   0.0491321971850718   -0.0108715625099265   0
0.129768088063514   0.0578074858560048   -0.0710015237387951   -0.0102792423391802   0
0.196281675345331   0.0691706149247822   0.0665135872818169   0.0113631290687773   0
0.1268083201141   0.0710071876487338   -0.0694733552312315   0.00183657272395167   0
0.18347638413627   0.0621210544533413   0.05666806402217   -0.00888613319539251   0
0.161822874592469   0.0702853766615254   -0.0216535095438006   0.00816432220818408   0
0.156934460679259   0.0736516849233268   -0.00488841391320979   0.00336630826180134   0
0.207773988073122   0.0564821807306703   0.050839527393863   -0.0171695041926565   0
0.141677146851918   0.0692288544558734   -0.0660968412212042   0.0127466737252031   0
0.166333299489339   0.050486650163459   0.0246561526374204   -0.0187422042924143   0
0.147766887346421   0.0502954311733392   -0.0185664121429172   -0.000191218990119861   0
0.12004755652632   0.0431570849078399   -0.0277193308201014   -0.00713834626549931   0
0.233465326093105   0.0534368109012479   0.113417769566785   0.010279725993408   0
0.149471196582786   0.0542200506912178   -0.0839941295103188   0.0007832397899699   0
0.148159690933297   0.0450409841046543   -0.00131150564948979   -0.00917906658656344   0
0.151522674913196   0.0540829857640746   0.00336298397989904   0.0090420016594203   0
0.111355261359399   0.0441165052859426   -0.040167413553797   -0.00996648047813205   0
0.134982449591975   0.0323676246509008   0.023627188232576   -0.0117488806350418   0
0.082034466120162   0.022281664187623   -0.0529479834718128   -0.0100859604632778   0
0.0619004482977304   0.0446055982882194   -0.0201340178224315   0.0223239341005964   0
0.0935229929333423   0.0303672743948152   0.0316225446356119   -0.0142383238934042   0
0.099685536047864   0.0250044260992909   0.00616254311452168   -0.00536284829552431   0
0.0906546353665934   0.0376164599026822   -0.00903090068127065   0.0126120338033913   0
0.0759039933875682   0.0626713116168706   -0.0147506419790251   0.0250548517141884   0
0.0704478449524895   0.0597830472621913   -0.00545614843507872   -0.00288826435467929   0
0.112207666606565   0.0686089378107563   0.0417598216540753   0.00882589054856498   0
0.0242705516959875   0.0879306740659551   -0.0879371149105773   0.0193217362551988   0
0.0295765052956312   0.0750737842907396   0.00530595359964373   -0.0128568897752155   0
0.0786447849047958   0.090886961137008   0.0490682796091646   0.0158131768462684   0
0.0721382733136856   0.0876793196036836   -0.00650651159111025   -0.00320764153332437   0
0.0756673537114256   0.0785782400154275   0.00352908039774008   -0.00910107958825616   0
0.137152667257695   0.0747861397900707   0.0614853135462693   -0.00379210022535673   0
0.102937420899603   0.0518559219398684   -0.0342152463580916   -0.0229302178502023   0
0.0659783839230698   0.059534364959933   -0.0369590369765335   0.00767844302006462   0
0.106873260599179   0.031068686413803   0.0408948766761091   -0.02846567854613   0
0.124059566970629   0.0232640643227919   0.0171863063714502   -0.00780462209101105   0
0.0898350922568681   0.0337763747071315   -0.034224474713761   0.0105123103843395   0
0.1009182548557   0.0547613618293184   0.0110831625988318   0.0209849871221869   0
0.125756378115665   0.0145606027682579   0.0248381232599647   -0.0402007590610604   0
0.102026118086449   0.051126938335978   -0.0237302600292157   0.0365663355677201   0
0.174418313146871   0.0291734280283017   0.0723921950604223   -0.0219535103076763   0
0.145346462986204   0.0491446238458237   -0.029071850160667   0.019971195817522   0
0.166543688187094   0.0315290255008381   0.0211972252008899   -0.0176155983449856   0
0.188963265795233   0.0210557422223725   0.0224195776081393   -0.0104732832784656   0
0.12449409490032   0.0310983200001467   -0.0644691708949128   0.0100425777777742   0
0.203832320295997   0.0183364492883819   0.0793382253956767   -0.0127618707117648   0
0.13741716196782   0.0284356361564587   -0.0664151583281775   0.0100991868680768   0
0.140755204729665   0.0441971606273808   0.00333804276184563   0.0157615244709221   0
0.283360832102992   0.0737979748053088   0.142605627373327   0.0296008141779281   0
0.217111714792638   0.0370327076362315   -0.0662491173103535   -0.0367652671690773   0
0.13281841225809   0.0432399135504166   -0.0842933025345483   0.00620720591418508   0
0.158798173939501   0.0244222429071328   0.0259797616814108   -0.0188176706432838   0
0.107140015795173   0.0594747343437741   -0.0516581581443276   0.0350524914366413   0
0.175554656206607   0.0280601701675899   0.0684146404114337   -0.0314145641761842   0
0.134976930483694   0.0366574994064653   -0.0405777257229129   0.00859732923887539   0
0.212267667331249   0.0231139712154251   0.0772907368475553   -0.0135435281910402   0
0.196113351891221   0.0257676411084232   -0.0161543154400281   0.00265366989299808   0
0.198636551012043   0.0240468087877914   0.00252319912082177   -0.00172083232063181   0
0.225918887590303   0.0347977122972905   0.02728233657826   0.0107509035094991   0
0.234766934017037   0.0307388759437866   0.00884804642673431   -0.00405883635350391   0
0.241051168184267   0.0141121706012399   0.00628423416723004   -0.0166267053425466   0
0.261469860229607   0.0219961570077343   0.0204186920453392   0.00788398640649442   0
0.21791869589652   0.0255354271326622   -0.0435511643330866   0.00353927012492785   0
0.212573122423532   0.0734487863850894   -0.00534557347298786   0.0479133592524272   0
0.0556708557793034   0.174154707617401   -0.156902266644229   0.100705921232312   0
0.32307353759669   0.164250689220809   0.267402681817387   -0.00990401839659177   0
0.266155260414387   0.139928056868887   -0.0569182771823035   -0.0243226323519223   0
0.281782055574321   0.160846093634507   0.0156267951599348   0.02091803676562   0
0.292691626377387   0.202514998923524   0.0109095708030657   0.041668905289017   0
0.299331959198496   0.199389634910055   0.00664033282110871   -0.00312536401346916   0
0.194199800922272   0.149328154172865   -0.105132158276224   -0.0500614807371898   0
0.195878518099076   0.15308495867475   0.00167871717680407   0.00375680450188512   0
0.232674190408305   0.12527653704978   0.0367956723092288   -0.0278084216249699   0
0.281622683709977   0.123036951136229   0.0489484933016728   -0.00223958591355097   0
0.217832480512985   0.112763102249417   -0.0637902031969924   -0.0102738488868123   0
0.276972938211822   0.123800681429647   0.0591404576988374   0.0110375791802301   0
0.235537921442068   0.113064451396681   -0.0414350167697539   -0.010736230032966   0
0.299045786606065   0.133121166838448   0.0635078651639963   0.0200567154417671   0
0.231215401809244   0.109295197170238   -0.0678303847968211   -0.0238259696682099   0
0.280213639013682   0.116206343420962   0.0489982372044382   0.00691114625072385   0
0.218680011184013   0.10985300696852   -0.061533627829669   -0.00635333645244186   0
0.270295635866083   0.101365844177415   0.0516156246820699   -0.00848716279110533   0
0.269058331769916   0.142922371310241   -0.00123730409616707   0.0415565271328263   0
0.241868475720359   0.106099761964742   -0.0271898560495565   -0.0368226093454991   0
0.306066605848809   0.139472488900394   0.0641981301284495   0.0333727269356519   0
0.237980291268017   0.124915170285674   -0.0680863145807921   -0.0145573186147205   0
0.283891324257523   0.126997152816506   0.0459110329895063   0.00208198253083183   0
0.301397314136274   0.156583507798551   0.0175059898787513   0.0295863549820454   0
0.210611774312573   0.130724953995063   -0.0907855398237017   -0.0258585538034878   0
0.33872606061778   0.147959382434141   0.128114286305208   0.0172344284390781   0
0.227693027570367   0.135127846439215   -0.111033033047413   -0.0128315359949266   0
0.33626425949369   0.156253592729572   0.108571231923323   0.0211257462903571   0
0.290202776380999   0.139464903768878   -0.0460614831126916   -0.0167886889606935   0
0.163659172737888   0.139161241392764   -0.12654360364311   -0.000303662376114816   0
0.172936218482451   0.0882273203339674   0.00927704574456245   -0.0509339210587961   0
0.247399726618766   0.132804683583007   0.0744635081363147   0.0445773632490397   0
0.122871530594398   0.125493380853583   -0.124528196024368   -0.00731130272942379   0
0.236200460551461   0.123191649527271   0.113328929957064   -0.00230173132631213   0
0.202083102429199   0.116814147464309   -0.0341173581222628   -0.0063775020629626   0
0.215254506696236   0.120076367003798   0.0131714042670376   0.00326221953948989   0
0.271620556646142   0.12895360113078   0.0563660499499057   0.00887723412698192   0
0.217636715889025   0.123137452290976   -0.0539838407571173   -0.00581614883980391   0
0.307793147191939   0.138232312231023   0.090156431302914   0.0150948599400464   0
0.307650851896366   0.141042850367185   -0.000142295295572192   0.00281053813616164   0
0.431835989406983   0.175297633536516   0.124185137510617   0.034254783169331   0
0.268604306597681   0.17615782564386   -0.163231682809302   0.000860192107344226   0
0.331650183716539   0.189513719828704   0.0630458771188587   0.0133558941848442   0
0.190195296413686   0.156560773006243   -0.141454887302853   -0.0329529468224604   0
0.239528496985411   0.162376535687303   0.0493332005717246   0.00581576268105957   0
0.331605799106469   0.153245973532945   0.0920773021210583   -0.00913056215435831   0
0.188194733258426   0.161563039452786   -0.143411065848044   0.0083170659198413   0
0.309071339053391   0.185699297710842   0.120876605794965   0.0241362582580562   0
0.257282996816035   0.158520644651012   -0.0517883422373556   -0.02717865305983   0
0.327722185588404   0.176451469039337   0.0704391887723683   0.0179308243883245   0
0.281327391445643   0.173208595235203   -0.0463947941427606   -0.00324287380413343   0
0.292241578624658   0.14547399199173   0.0109141871790154   -0.027734603243473   0
0.328791207299018   0.158902380611879   0.0365496286743592   0.0134283886201488   0
0.439317028923246   0.17275377476195   0.110525821624228   0.0138513941500707   0
0.359758698874676   0.162164810177609   -0.0795583300485697   -0.0105889645843407   0
0.43890064411551   0.191851225271205   0.0791419452408342   0.0296864150935955   0
0.361349462931122   0.179823532767572   -0.0775511811843889   -0.0120276925036327   0
0.401573706287762   0.199663365589434   0.0402242433566407   0.0198398328218622   0
0.380955588143566   0.185913585303737   -0.0206181181441966   -0.0137497802856968   0
0.346480236364919   0.183101767916096   -0.0344753517786469   -0.00281181738764094   0
0.428195878512673   0.210144693118343   0.0817156421477545   0.0270429252022466   0
0.338807760885491   0.200808949417257   -0.0893881176271824   -0.00933574370108586   0
0.422829629344569   0.215784292293346   0.0840218684590781   0.0149753428760885   0
0.409506391287621   0.223453651196708   -0.0133232380569482   0.00766935890336234   0
0.307921688656402   0.188300704700122   -0.101584702631219   -0.035152946496586   0
0.453065649170945   0.214453550458392   0.145143960514543   0.0261528457582699   0
0.239741734778574   0.284663921112164   -0.213323914392371   0.0702103706537725   0
0.473070841328495   0.276900041976342   0.233329106549921   -0.00776387913582222   0
0.549938318086613   0.303130343124043   0.0768674767581181   0.0262303011477008   0
0.423150500811768   0.282881652609249   -0.126787817274845   -0.0202486905147936   0
0.488220302358689   0.261336378688181   0.0650698015469214   -0.021545273921068   0
0.514865380519025   0.292132362187434   0.0266450781603352   0.0307959834992525   0
0.395431240690325   0.269050297482687   -0.119434139828699   -0.0230820647047466   0
0.536594943818863   0.30462878199571   0.141163703128538   0.035578484513023   0
0.467344529680074   0.287470254527647   -0.0692504141387887   -0.0171585274680635   0
0.48613423943414   0.270176895454978   0.0187897097540659   -0.0172933590726689   0
0.55856487861509   0.286576062307967   0.0724306391809494   0.0163991668529896   0
0.495452967928498   0.277681652981773   -0.0631119106865921   -0.00889440932619412   0
0.56207081132681   0.298192238037918   0.0666178433983125   0.0205105850561449   0
0.509947717298059   0.295003816348094   -0.0521230940287514   -0.00318842168982419   0
0.561777192301656   0.317315124988961   0.0518294750035976   0.0223113086408671   0
0.517484691090564   0.32213486672501   -0.0442925012110924   0.00481974173604899   0
0.570055201128296   0.343282932960903   0.0525705100377324   0.0211480662358932   0
0.492732144949728   0.302786788474151   -0.0773230561785681   -0.0404961444867527   0
0.588629053908712   0.330290627558428   0.095896908958984   0.0275038390842771   0
0.488822415386914   0.304933545428606   -0.099806638521798   -0.0253570821298212   0
0.568879705420083   0.33259930779551   0.0800572900331684   0.0276657623669037   0
0.494575512138854   0.332232301001156   -0.0743041932812283   -0.000367006794354419   0
0.55073726432702   0.36538447728968   0.0561617521881658   0.033152176288524   0
0.564856561488899   0.354037466350583   0.014119297161879   -0.011347010939097   0
0.643839925712291   0.346024678718273   0.0789833642233918   -0.00801278763231017   0
0.537775769747252   0.351176227437963   -0.106064155965038   0.00515154871969065   0
0.619050630803499   0.381660454663974   0.0812748610562465   0.0304842272260107   0
0.586029665793601   0.390780902155112   -0.0330209650098977   0.00912044749113816   0
0.563701817156859   0.391762930266119   -0.0223278486367422   0.000982028111007005   0
0.634664301469922   0.401052289504424   0.0709624843130632   0.0092893592383046   0
0.557875115198819   0.367402708135668   -0.0767891862711028   -0.0336495813687561   0
0.688815223110375   0.402379138492094   0.130940107911555   0.0349764303564267   0
0.624512906203107   0.388773506735207   -0.0643023169072684   -0.0136056317568874   0
0.667153273513676   0.399195710814164   0.04264036731057   0.0104222040789572   0
0.686749527943422   0.41984352931865   0.0195962544297452   0.0206478185044859   0
0.611372871212914   0.402447565960151   -0.0753766567305075   -0.0173959633584991   0
0.734687606779225   0.423564910486424   0.123314735566311   0.0211173445262731   0
0.604698054227504   0.404680451883115   -0.129989552551721   -0.0188844586033085   0
0.705168233154711   0.41736152799927   0.100470178927206   0.0126810761161542   0
0.660835297156525   0.421467807196576   -0.0443329359981859   0.00410627919730666   0
0.702614960264235   0.437626332848382   0.0417796631077099   0.0161585256518053   0
0.685082737511187   0.44004265675077   -0.0175322227530472   0.00241632390238877   0
0.69401696762211   0.427671817072683   0.00893423011092254   -0.0123708396780879   0
0.708249622409155   0.41992379164442   0.0142326547870449   -0.00774802542826253   0
0.770664715069292   0.410101716995036   0.062415092660137   -0.00982207464938428   0
0.618859322178513   0.397029567242444   -0.151805392890779   -0.0130721497525915   0
0.753591800045367   0.439452237932948   0.134732477866854   0.0424226706905039   0
0.627210340563695   0.423967023572129   -0.126381459481673   -0.0154852143608195   0
0.77768772664633   0.452327821834652   0.150477386082636   0.0283607982625232   0
0.34431035394465   0.412336785844934   -0.43337737270168   -0.0399910359897183   0
0.58247365093113   0.426229003021392   0.23816329698648   0.0138922171764587   0
0.648702347057763   0.433822597378021   0.0662286961266326   0.00759359435662871   0
0.662957591680976   0.454386931856815   0.0142552446232134   0.0205643344787942   0
0.612324864691358   0.433181491448654   -0.0506327269896181   -0.0212054404081609   0
0.667137051749946   0.448722701940934   0.0548121870585879   0.01554121049228   0
0.606436807734994   0.394544183780069   -0.0607002440149521   -0.0541785181608656   0
0.661491634516377   0.35713254205257   0.0550548267813831   -0.0374116417274988   0
0.685995064057286   0.297132290636969   0.0245034295409091   -0.0600002514156004   0
0.564377345361629   0.326558181626265   -0.121617718695657   0.0294258909892953   0
