0.212180856902455   0.112833489075068   0   0   0
0.1470856052635   0.222493799308144   -0.0650952516389552   0.109660310233076   0
0.213177816077002   0.123672176346141   0.0660922108135023   -0.0988216229620024   0
0.282643140829297   0.100362619367088   0.0694653247522956   -0.0233095569790537   0
0.202903480728966   0.0964409975576383   -0.0797396601003311   -0.00392162180944926   0
0.164193545775161   0.102049074897731   -0.038709934953805   0.00560807734009275   0
0.196638038009994   0.0906177960182215   0.0324444922348331   -0.0114312788795096   0
0.109040091357399   0.135323102427385   -0.087597946652595   0.0447053064091634   0
0.182775982082028   0.092032838133568   0.0737358907246291   -0.0432902642938169   0
0.10185713661369   0.141304792824102   -0.0809188454683381   0.0492719546905344   0
0.173382664143362   0.0767419537419396   0.071525527529672   -0.0645628390821628   0
0.169187541183268   0.0635313232982361   -0.00419512296009439   -0.0132106304437035   0
0.117840652886769   0.120753734613746   -0.0513468882964989   0.0572224113155095   0
0.186585281099555   0.0604980626773133   0.068744628212786   -0.0602556719364323   0
0.127679721863967   0.123709088888954   -0.058905559235588   0.0632110262116402   0
0.196495994037283   0.0722164589353121   0.068816272173316   -0.0514926299536414   0
0.120755255724875   0.128864375146336   -0.0757407383124079   0.0566479162110235   0
0.216914081935798   0.0579449450774828   0.0961588262109226   -0.0709194300688528   0
0.144298971063899   0.100040713663288   -0.0726151108718987   0.0420957685858053   0
0.535992209011251   0.0494824165889763   0.391693237947352   -0.0505582970743118   0
0.0959041085170495   0.0392874155452163   -0.440088100494201   -0.0101950010437601   0
0.109702317043579   0.0309307576132998   0.0137982085265299   -0.00835665793191644   0
0.179828273860175   0.0207635570689369   0.0701259568165953   -0.0101672005443629   0
0.200844318185006   0.035575058613172   0.0210160443248315   0.0148115015442351   0
0.171508004743598   0.0344464512554269   -0.0293363134414083   -0.00112860735774515   0
0.263663013914523   0.0152873961973328   0.0921550091709252   -0.0191590550580941   0
0.187801290343624   0.0296066813214669   -0.0758617235708995   0.0143192851241342   0
0.188557306295328   0.0311434439081502   0.000756015951704297   0.00153676258668329   0
0.167196569590021   0.0396895299542902   -0.0213607367053064   0.00854608604613998   0
0.183584474425072   0.0565747041360671   0.0163879048350508   0.0168851741817769   0
0.13061567420574   0.0532359321617073   -0.0529688002193323   -0.00333877197435979   0
0.171489382103696   0.0467911440612698   0.0408737078979565   -0.00644478810043753   0
0.139849742408415   0.0514675306064173   -0.0316396396952815   0.00467638654514752   0
0.187588747454349   0.0522726577302467   0.0477390050459343   0.000805127123829463   0
0.180272300329358   0.0606927766291511   -0.0073164471249908   0.00842011889890432   0
0.18419500873051   0.0604438115969991   0.00392270840115119   -0.000248965032151945   0
0.239328790080007   0.041387395360061   0.0551337813494973   -0.0190564162369381   0
0.213231052583028   0.062401743132544   -0.0260977374969788   0.021014347772483   0
0.199665909842266   0.0599097135255628   -0.0135651427407618   -0.00249202960698121   0
0.267008269192994   0.0480367915038827   0.067342359350728   -0.01187292202168   0
0.173821706258022   0.0470895412095669   -0.0931865629349725   -0.000947250294315818   0
0.206222103210834   0.0317980419212803   0.0324003969528126   -0.0152914992882866   0
0.191362862827692   0.0456657586475359   -0.0148592403831425   0.0138677167262556   0
0.168956763942051   0.0565127421030426   -0.0224060988856407   0.0108469834555067   0
0.234071506284661   0.0474486078780769   0.0651147423426096   -0.00906413422496569   0
0.202956168847882   0.0675033209170667   -0.0311153374367787   0.0200547130389899   0
0.366523965765651   0.0912915425755584   0.163567796917769   0.0237882216584917   0
0.199857828729324   0.0333368753767131   -0.166666137036326   -0.0579546671988453   0
0.318221074894333   0.0276726284664524   0.118363246165008   -0.00566424691026072   0
0.280953945977107   0.0693181802642712   -0.0372671289172261   0.0416455517978188   0
0.226091120710854   0.0666541497068262   -0.0548628252662524   -0.002664030557445   0
0.272944406567125   0.0275473314361391   0.0468532858562708   -0.0391068182706871   0
0.146201890402621   0.142461444795434   -0.126742516164504   0.114914113359295   0
0.230151639638739   0.0553905566351792   0.0839497492361181   -0.0870708881602548   0
0.215299169060775   0.0447822858612923   -0.0148524705779645   -0.010608270773887   0
0.170945811899093   0.046093991531679   -0.0443533571616818   0.00131170567038676   0
0.214863782169029   0.072717185167091   0.0439179702699364   0.0266231936354119   0
0.165422975050535   0.0710082841809496   -0.0494408071184939   -0.00170890098614139   0
0.18437808805357   0.0733000146806261   0.0189551130030348   0.00229173049967649   0
0.205864480447599   0.079896384963808   0.0214863923940293   0.00659637028318188   0
0.163508207139581   0.0584982001942795   -0.0423562733080187   -0.0213981847695285   0
0.240605076925156   0.0515198386055799   0.0770968697855749   -0.0069783615886996   0
0.163894339315304   0.0752963500723807   -0.0767107376098515   0.0237765114668008   0
0.193408171958167   0.0368286888995525   0.0295138326428633   -0.0384676611728281   0
0.185319201755053   0.082398383247761   -0.00808897020311439   0.0455696943482085   0
0.130169130443819   0.166279261028217   -0.0551500713112338   0.0838808777804562   0
0.170126172683952   0.144241710599509   0.0399570422401333   -0.0220375504287083   0
0.188310859427915   0.0995938071199334   0.0181846867439627   -0.0446479034795755   0
0.163964949047929   0.0984791360333497   -0.024345910379986   -0.0011146710865837   0
0.228846285575821   0.0738799571951859   0.0648813365278914   -0.0245991788381638   0
0.151913261963398   0.0829817185258295   -0.0769330236124225   0.00910176133064361   0
0.201017746899745   0.0830697141344546   0.0491044849363471   8.79956086250605e-05   0
0.18424106387372   0.0755731951844038   -0.0167766830260256   -0.00749651895005073   0
0.166763218287787   0.0889088444913103   -0.0174778455859328   0.0133356493069065   0
0.329456770172127   0.0836529271811401   0.162693551884341   -0.00525591731017024   0
0.0992447518779205   0.143948049123121   -0.230212018294207   0.0602951219419811   0
0.11619911573179   0.14250416601262   0.0169543638538698   -0.0014438831105007   0
0.0893837743920003   0.155883366690051   -0.0268153413397901   0.0133792006774308   0
0.145314493755337   0.164012000181427   0.0559307193633372   0.00812863349137596   0
0.12391368653583   0.170843552320903   -0.0214008072195071   0.00683155213947537   0
0.116850462571998   0.176409141906429   -0.00706322396383187   0.00556558958552605   0
0.152124618529316   0.143658930585824   0.0352741559573179   -0.0327502113206051   0
0.132528582372596   0.151995165386567   -0.0195960361567201   0.00833623480074386   0
0.18457449385232   0.121403081625385   0.0520459114797236   -0.0305920837611821   0
0.0970778381342485   0.166053449915923   -0.0874966557180712   0.0446503682905377   0
0.143147613823668   0.161404764226896   0.0460697756894195   -0.00464868568902682   0
0.12598762586544   0.148238398592908   -0.0171599879582284   -0.0131663656339878   0
0.111709678318398   0.156337387255832   -0.0142779475470415   0.00809898866292358   0
0.133049201246381   0.151909705891534   0.0213395229279828   -0.00442768136429758   0
0.299069359023555   0.107173786674098   0.166020157777174   -0.0447359192174368   0
0.286863226643361   0.121849012254367   -0.0122061323801945   0.0146752255802692   0
0.183489700126083   0.162463805533448   -0.103373526517277   0.0406147932790811   0
0.217919207961162   0.118784468325419   0.0344295078350782   -0.0436793372080288   0
0.152684473412459   0.130310082829918   -0.0652347345487022   0.0115256145044985   0
0.265564884909828   0.0909760123981866   0.112880411497368   -0.0393340704317311   0
0.173087713908642   0.118044534894473   -0.0924771710011854   0.0270685224962866   0
0.252817492895171   0.0967903326093185   0.0797297789865291   -0.0212542022851547   0
0.18586776640686   0.114674139557945   -0.0669497264883118   0.0178838069486263   0
0.203299480247016   0.110746092432058   0.0174317138401566   -0.00392804712588647   0
0.221627138887028   0.111001536490053   0.0183276586400119   0.000255444057994381   0
0.152922100321319   0.117549218572445   -0.0687050385657088   0.00654768208239254   0
0.196409592845614   0.103260429709182   0.0434874925242952   -0.0142887888632628   0
0.220197340099671   0.351126645352945   0.0237877472540562   0.247866215643762   0
0.406209304620167   0.47743011446086   0.186011964520497   0.126303469107916   0
0.0938408342361149   0.350487849937806   -0.312368470384053   -0.126942264523054   0
0.215737629487602   0.323266445075069   0.121896795251487   -0.0272214048627375   0
0.19812284400972   0.271048574329049   -0.017614785477882   -0.0522178707460198   0
0.201970209932381   0.287798437083929   0.00384736592266047   0.0167498627548804   0
0.233802147470334   0.265553271620427   0.0318319375379536   -0.022245165463502   0
0.22017589615596   0.280117247365389   -0.0136262513143746   0.0145639757449615   0
0.222978080899536   0.282973154964389   0.00280218474357613   0.00285590759899984   0
0.17233085221692   0.29573755339409   -0.0506472286826157   0.0127643984297017   0
0.211516469940759   0.280041220814883   0.0391856177238388   -0.0156963325792076   0
0.14990690188984   0.279959642277816   -0.0616095680509194   -8.15785370673061e-05   0
0.192954948830031   0.267516905536459   0.0430480469401917   -0.012442736741357   0
0.142198781240909   0.286277745728235   -0.0507561675891219   0.0187608401917765   0
0.168693886548298   0.272184512780802   0.0264951053073885   -0.0140932329474332   0
0.227422351201113   0.251628856441903   0.0587284646528153   -0.0205556563388985   0
0.163611937777321   0.27611936574766   -0.0638104134237921   0.0244905093057566   0
0.275407146933009   0.263590530538106   0.111795209155688   -0.0125288352095543   0
0.198473449989262   0.268143652088465   -0.0769336969437472   0.00455312155035981   0
0.192318310741541   0.25858864399805   -0.00615513924772054   -0.00955500809041593   0
0.266140143535057   0.240109922807243   0.073821832793516   -0.0184787211908069   0
0.19018697007474   0.23859902267874   -0.0759531734603174   -0.00151090012850236   0
0.217327149003271   0.226831281834098   0.0271401789285312   -0.0117677408446423   0
0.185158497716983   0.22146103940479   -0.0321686512862882   -0.00537024242930786   0
0.156072184920376   0.231163430521028   -0.0290863127966071   0.00970239111623758   0
0.232997025269406   0.216887275777649   0.0769248403490305   -0.0142761547433786   0
0.139748113444153   0.238565250649062   -0.0932489118252529   0.0216779748714134   0
0.244697545672469   0.220227736375326   0.104949432228315   -0.0183375142737366   0
0.12736880413606   0.201333652152962   -0.117328741536409   -0.0188940842223636   0
0.393705191686991   0.139345424986443   0.266336387550931   -0.0619882271665189   0
0.455042877843671   0.0516171972139201   0.0613376861566803   -0.0877282277725232   0
0.146276954696528   0.104723007365299   -0.308765923147143   0.053105810151379   0
0.218718909630144   0.0862737251064454   0.0724419549336159   -0.0184492822588538   0
0.121288178840396   0.162054153129972   -0.0974307307897471   0.0757804280235269   0
0.225176911099411   0.120570953918678   0.103888732259014   -0.0414831992112941   0
0.191429884613688   0.143808489745642   -0.0337470264857226   0.0232375358269642   0
0.166329782882351   0.187260060050188   -0.0251001017313374   0.0434515703045457   0
0.213985302526155   0.153909864386993   0.0476555196438039   -0.0333501956631952   0
0.157106127330644   0.175093544611873   -0.0568791751955112   0.0211836802248803   0
0.181702370208977   0.141632011589621   0.024596242878333   -0.0334615330222522   0
0.152238385956893   0.159429389955624   -0.0294639842520834   0.0177973783660034   0
0.145155057605617   0.165909836432089   -0.00708332835127623   0.00648044647646467   0
0.15596795994181   0.165282044519482   0.0108129023361928   -0.000627791912606979   0
0.139443781290907   0.179405546753884   -0.0165241786509025   0.0141235022344019   0
0.180477613236351   0.138179974550123   0.0410338319454439   -0.0412255722037613   0
0.182851073801195   0.122418998311833   0.00237346056484355   -0.0157609762382898   0
0.44668826927736   0.0381366028313024   0.263837195476165   -0.0842823954805303   0
0.169082164272995   0.0224561232810875   -0.277606105004365   -0.0156804795502149   0
0.229071820796644   0.020212471501897   0.0599896565236497   -0.00224365177919046   0
0.186089515610096   0.034566811502473   -0.0429823051865489   0.014354340000576   0
0.254189075131289   0.0483813760042281   0.0680995595211933   0.0138145645017551   0
0.187987196291403   0.0681919941752879   -0.0662018788398858   0.0198106181710598   0
0.198924821404696   0.0955768978380236   0.0109376251132925   0.0273849036627357   0
0.220055145453607   0.067766643151738   0.0211303240489114   -0.0278102546862856   0
0.177809006736992   0.0879012702494111   -0.0422461387166151   0.0201346270976731   0
0.202131582437307   0.0913159081656093   0.0243225757003156   0.00341463791619828   0
0.18641219130176   0.0860481657349679   -0.015719391135547   -0.00526774243064146   0
0.177567326687987   0.0882689536266999   -0.0088448646137731   0.00222078789173204   0
0.204904757723241   0.0667683235369513   0.0273374310352535   -0.0215006300897487   0
0.166281791405003   0.0860382143663646   -0.0386229663182378   0.0192698908294133   0
0.194482299633986   0.08297304991443   0.0282005082289833   -0.00306516445193451   0
0.175215764246857   0.101844148600938   -0.0192665353871297   0.0188710986865083   0
0.199980403071626   0.0834556188042483   0.0247646388247695   -0.01838852979669   0
0.197405732584973   0.0875246620821954   -0.00257467048665266   0.00406904327794715   0
0.176754005244125   0.0976865139077166   -0.0206517273408488   0.0101618518255211   0
0.236817286006533   0.0572254073397691   0.0600632807624084   -0.0404611065679474   0
0.170640848152399   0.0720964247891149   -0.0661764378541342   0.0148710174493458   0
0.212596515383484   0.0547483993360537   0.0419556672310854   -0.0173480254530613   0
0.195576454157549   0.0644070253265511   -0.0170200612259348   0.00965862599049749   0
0.194303291173876   0.073889597019929   -0.00127316298367341   0.00948257169337785   0
0.204765723655718   0.0953094468818411   0.0104624324818424   0.0214198498619122   0
0.196539445957701   0.0580728934944265   -0.00822627769801751   -0.0372365533874147   0
0.208608430398103   0.0916542636026961   0.0120689844404017   0.0335813701082696   0
0.21143482827304   0.0543476014211301   0.00282639787493766   -0.037306662181566   0
0.175595101227284   0.0661189118383122   -0.0358397270457565   0.0117713104171821   0
0.21675549866301   0.0645469693023228   0.041160397435726   -0.00157194253598943   0
0.194457147533358   0.0608232922121141   -0.0222983511296521   -0.00372367709020864   0
0.220298259633071   0.0865630407629174   0.0258411120997135   0.0257397485508033   0
0.521451974135318   0.0616349533025699   0.301153714502246   -0.0249280874603475   0
0.24986923836529   0.0789467990493954   -0.271582735770028   0.0173118457468256   0
0.152534344859543   0.127107843811272   -0.0973348935057467   0.0481610447618763   0
0.180892797749081   0.0915571256580115   0.0283584528895382   -0.0355507181532603   0
0.188208983308449   0.077916826866297   0.00731618555936769   -0.0136402987917145   0
0.214109340167028   0.0738366720334821   0.0259003568585788   -0.00408015483281488   0
0.226076843217721   0.0944838981090958   0.0119675030506933   0.0206472260756137   0
0.209883930776417   0.097880139118669   -0.0161929124413036   0.0033962410095732   0
0.219451595068821   0.0961518475598883   0.00956766429240402   -0.0017282915587807   0
0.206380246549761   0.0997035276301195   -0.0130713485190608   0.00355168007023117   0
0.200839410584601   0.106267572411061   -0.00554083596515953   0.00656404478094107   0
0.194531854837325   0.10442528374819   -0.00630755574727637   -0.00184228866287053   0
0.198929332568729   0.107070100233959   0.00439747773140428   0.00264481648576888   0
0.186803249610386   0.10774810778668   -0.0121260829583435   0.000678007552721044   0
0.183637471256114   0.0994449337567782   -0.00316577835427179   -0.00830317402990177   0
0.19466349330085   0.105518497660659   0.011026022044736   0.00607356390388084   0
