0.363069608393611   0.0985760330303594   0   0   0
0.296249311310524   0.0589034100538331   -0.0668202970830865   -0.0396726229765263   0
0.271929621006907   0.0822773840457996   -0.0243196903036175   0.0233739739919666   0
0.299740762344797   0.081146042843074   0.02781114133789   -0.00113134120272562   0
0.318350473181932   0.0771432771664032   0.0186097108371351   -0.00400276567667082   0
0.319638554393928   0.0863918745750432   0.00128808121199592   0.00924859740864004   0
0.22719097916865   0.053195302379557   -0.0924475752252778   -0.0331965721954862   0
0.231413214244757   0.0486990954870057   0.00422223507610733   -0.00449620689255125   0
0.268001166851937   0.0343414482889846   0.03658795260718   -0.0143576471980212   0
0.271226304762314   0.0389812671876185   0.00322513791037649   0.00463981889863391   0
0.249062190229669   0.0692715415007491   -0.0221641145326446   0.0302902743131306   0
0.205352172726977   0.0423732320662541   -0.0437100175026928   -0.026898309434495   0
0.238725625378278   0.0575194791536963   0.0333734526513016   0.0151462470874422   0
0.220058530866767   0.0518821822629407   -0.0186670945115108   -0.00563729689075556   0
0.216417530175446   0.0454710952038284   -0.00364100069132153   -0.00641108705911233   0
0.187438564487808   0.0426290051807264   -0.0289789656876382   -0.00284209002310196   0
0.119394360475945   0.0388076768196062   -0.0680442040118622   -0.00382132836112022   0
0.16501150925787   0.0280705323757388   0.0456171487819242   -0.0107371444438674   0
0.21285493795738   0.0361237476305062   0.0478434286995101   0.00805321525476738   0
0.147599558165091   0.0347995836498441   -0.065255379792289   -0.00132416398066203   0
0.0966076234223263   0.0543916818086185   -0.0509919347427645   0.0195920981587744   0
0.148434436811981   0.0302493738206678   0.0518268133896548   -0.0241423079879507   0
0.165430211315376   0.0273420970638688   0.016995774503395   -0.00290727675679892   0
0.181859608674081   0.0185514092361376   0.0164293973587052   -0.00879068782773128   0
0.161061374498823   0.0330135253513405   -0.0207982341752587   0.0144621161152029   0
0.127950222713132   0.0314339283719837   -0.033111151785691   -0.0015795969793568   0
0.110130460801542   0.0238452661617862   -0.0178197619115896   -0.00758866221019749   0
0.115887240195459   0.0466652944656972   0.00575677939391686   0.022820028303911   0
0.176936691602675   0.0249425387503458   0.0610494514072157   -0.0217227557153514   0
0.160806110507437   0.0149549804394613   -0.0161305810952378   -0.00998755831088446   0
0.129999091513787   0.0198094869186653   -0.0308070189936497   0.00485450647920396   0
0.126639588008608   0.0237628197018688   -0.00335950350517902   0.00395333278320355   0
0.139161800093848   0.0170358985336113   0.0125222120852395   -0.00672692116825751   0
0.163009560776048   0.0265288137399677   0.0238477606822002   0.00949291520635641   0
0.152854083055867   0.0248726373783455   -0.0101554777201804   -0.0016561763616222   0
0.1717152737793   0.0138925611916954   0.0188611907234328   -0.0109800761866502   0
0.142845048134858   0.0830288571569678   -0.0288702256444418   0.0691362959652724   0
0.0708101118600755   0.118250972653262   -0.0720349362747829   0.0352221154962941   0
0.090131077177908   0.0903636307959817   0.0193209653178325   -0.0278873418572802   0
0.0712985779160426   0.13138452932897   -0.0188324992618653   0.0410208985329884   0
0.072108241022854   0.140531000016737   0.000809663106811354   0.00914647068776731   0
0.0910786098016982   0.141053375899285   0.0189703687788442   0.000522375882547638   0
0.124749478346004   0.126246182725382   0.0336708685443053   -0.0148071931739028   0
0.0947208661454275   0.151676929041895   -0.030028612200576   0.0254307463165126   0
0.0765616652149756   0.140550541585214   -0.018159200930452   -0.0111263874566811   0
0.0758933998447171   0.151713686001577   -0.000668265370258492   0.0111631444163629   0
0.0839944891792313   0.144925485301411   0.0081010893345142   -0.00678820070016589   0
0.0912489314099075   0.165726097517434   0.0072544422306762   0.0208006122160232   0
0.156769715555524   0.155855475522397   0.0655207841456168   -0.00987062199503691   0
0.0944115366622109   0.170029531549794   -0.0623581788933134   0.0141740560273973   0
0.0905140617255131   0.168323965712737   -0.00389747493669781   -0.0017055658370578   0
0.0684531321727677   0.162148433943964   -0.0220609295527455   -0.0061755317687727   0
0.0745919654015096   0.171821076627756   0.0061388332287419   0.00967264268379228   0
0.126792295031717   0.149869039305989   0.0522003296302076   -0.0219520373217674   0
0.12550107835955   0.181763413915083   -0.00129121667216678   0.0318943746090938   0
0.0979617155092743   0.182985371433627   -0.027539362850276   0.00122195751854459   0
0.135291743252462   0.171577070589757   0.0373300277431873   -0.0114083008438701   0
0.138865720349552   0.17645107070099   0.00357397709709045   0.00487400011123276   0
0.15118499162946   0.191403166685598   0.0123192712799083   0.0149520959846086   0
0.20995716093232   0.156286150685361   0.0587721693028593   -0.0351170160002373   0
0.207533943657803   0.175623540284162   -0.00242321727451705   0.0193373895988004   0
0.155074600986235   0.202716689024714   -0.0524593426715677   0.0270931487405522   0
0.226741493894426   0.188570577137348   0.0716668929081912   -0.0141461118873658   0
0.236523311153235   0.177340668364429   0.00978181725880878   -0.0112299087729187   0
0.236819636689211   0.183977063096745   0.000296325535976277   0.00663639473231545   0
0.213909056156325   0.192126796378371   -0.0229105805328857   0.00814973328162641   0
0.175691195140622   0.210335715865853   -0.0382178610157038   0.018208919487482   0
0.171253464274478   0.217809801073878   -0.00443773086614344   0.00747408520802528   0
0.236898150406477   0.217197085574266   0.0656446861319992   -0.000612715499612476   0
0.20586242396438   0.226515043424962   -0.0310357264420978   0.00931795785069622   0
0.143717023927334   0.238029312334873   -0.0621454000370453   0.0115142689099108   0
0.152518602138919   0.231635233309513   0.00880157821158506   -0.00639407902536002   0
0.191855919018022   0.232301685332436   0.0393373168791031   0.000666452022922814   0
0.297811662274599   0.185511471868137   0.105955743256577   -0.046790213464299   0
0.238085117830263   0.199779353430291   -0.0597265444443368   0.0142678815621539   0
0.208519128717271   0.208608674905935   -0.0295659891129911   0.00882932147564411   0
0.19201330513954   0.225288626081191   -0.0165058235777316   0.0166799511752561   0
0.297458410931949   0.190757792871052   0.105445105792409   -0.0345308332101393   0
0.246532495715859   0.194675655546283   -0.0509259152160897   0.00391786267523142   0
0.218232862988231   0.223579787504923   -0.028299632727628   0.0289041319586402   0
0.306958516839002   0.18422802502224   0.0887256538507712   -0.0393517624826834   0
0.306411279030326   0.181886771009123   -0.000547237808676715   -0.00234125401311719   0
0.329400427250497   0.171140233737117   0.0229891482201716   -0.0107465372720057   0
0.263840623553614   0.222106804867692   -0.0655598036968828   0.0509665711305751   0
0.310330119869938   0.194235790953534   0.0464894963163236   -0.0278710139141579   0
0.40809974968995   0.198664246487245   0.0977696298200123   0.00442845553371132   0
0.379946086979785   0.18898256825812   -0.0281536627101656   -0.00968167822912538   0
0.307342013149211   0.220432249786017   -0.0726040738305732   0.031449681527897   0
0.379554129857969   0.214206355585905   0.0722121167087577   -0.00622589420011241   0
0.407981285433156   0.21426869321946   0.0284271555751865   6.23376335551762e-05   0
0.351983467402718   0.208584954174612   -0.0559978180304379   -0.00568373904484781   0
0.330094365846435   0.200814846236714   -0.0218891015562828   -0.00777010793789817   0
0.321460004227975   0.201146860193697   -0.00863436161845937   0.000332013956982707   0
0.359886632902988   0.198257110124158   0.0384266286750125   -0.00288975006953857   0
0.401072882052577   0.195711677071406   0.0411862491495886   -0.00254543305275148   0
0.390812352531186   0.212753031006246   -0.0102605295213906   0.0170413539348394   0
0.327280620034917   0.230971999584436   -0.0635317324962686   0.0182189685781897   0
0.361234419680296   0.223327331437718   0.0339537996453783   -0.00764466814671722   0
0.418336613924254   0.220532814557046   0.0571021942439579   -0.00279451688067217   0
0.485555834446462   0.235221938170176   0.0672192205222084   0.0146891236131297   0
0.426833473950907   0.243602658612611   -0.0587223604955545   0.00838072044243554   0
0.48973866352225   0.245703199571887   0.0629051895713429   0.00210054095927556   0
0.468484016997848   0.235798579495769   -0.0212546465244024   -0.009904620076118   0
0.511062538508635   0.247426920336576   0.042578521510787   0.0116283408408074   0
0.484743796328163   0.245661365632821   -0.0263187421804716   -0.0017655547037555   0
0.436433536151623   0.244549946880377   -0.0483102601765404   -0.00111141875244428   0
0.417910617559593   0.220434501169928   -0.0185229185920304   -0.0241154457104485   0
0.358118739629749   0.188402375385078   -0.0597918779298434   -0.0320321257848497   0
0.375812171819913   0.198844349432867   0.0176934321901642   0.0104419740477883   0
0.432429812855219   0.188754344723733   0.056617641035306   -0.010090004709134   0
0.438693943677138   0.183354796365026   0.00626413082191885   -0.00539954835870715   0
0.398016509964047   0.191147920648887   -0.0406774337130915   0.0077931242838615   0
0.359776703895625   0.179444341787927   -0.038239806068422   -0.0117035788609597   0
0.441666202218372   0.163248679233869   0.0818894983227475   -0.0161956625540588   0
0.45329855841818   0.176490916825272   0.0116323561998077   0.0132422375914032   0
0.33196850536081   0.169872614454037   -0.12133005305737   -0.00661830237123445   0
0.382550209302374   0.181138550857872   0.050581703941564   0.011265936403835   0
0.482236267130999   0.182903227708871   0.0996860578286249   0.00176467685099896   0
0.498224000885305   0.196390968175633   0.0159877337543058   0.0134877404667617   0
0.383323959851664   0.190480974929449   -0.114900041033641   -0.00590999324618444   0
0.486538705013291   0.1777151189165   0.103214745161627   -0.0127658560129486   0
0.56357967374539   0.170510537892941   0.077040968732099   -0.00720458102355917   0
0.527781403994694   0.174258262655995   -0.0357982697506961   0.00374772476305416   0
0.436052866038007   0.168078733390847   -0.0917285379566867   -0.00617952926514767   0
0.525713968237063   0.167061010787721   0.0896611021990565   -0.00101772260312635   0
0.611870213318061   0.15573865570396   0.0861562450809981   -0.0113223550837605   0
0.591648905053707   0.166269608098203   -0.0202213082643548   0.0105309523942425   0
0.544196477785928   0.182431595754306   -0.0474524272677788   0.016161987656103   0
0.561305114316171   0.187825506804221   0.0171086365302432   0.0053939110499151   0
0.622854014364522   0.183793523936246   0.0615489000483507   -0.00403198286797554   0
0.680801238826054   0.182032728136412   0.0579472244615323   -0.00176079579983318   0
0.599013950215319   0.161899830406194   -0.0817872886107356   -0.0201328977302179   0
0.604127906144684   0.166152176384557   0.00511395592936537   0.00425234597836271   0
0.59879218175878   0.185219963827911   -0.0053357243859038   0.0190677874433534   0
0.713783294277752   0.190369120118145   0.114991112518972   0.00514915629023444   0
0.743541166859166   0.173365526756835   0.0297578725814137   -0.0170035933613096   0
0.675756240431385   0.161926491692874   -0.0677849264277808   -0.0114390350639611   0
0.740299963043961   0.180232580972372   0.0645437226125761   0.0183060892794973   0
0.871100696221975   0.186161938800772   0.130800733178014   0.00592935782840068   0
0.862632320794561   0.192049429643544   -0.00846837542741452   0.00588749084277179   0
0.79710606844575   0.218887031933678   -0.0655262523488112   0.026837602290134   0
0.846021541884721   0.19784964977198   0.048915473438971   -0.0210373821616984   0
0.899482577678128   0.19514985996203   0.0534610357934078   -0.00269978980994942   0
0.860584950854993   0.196264197122883   -0.0388976268231357   0.00111433716085307   0
0.884110114352075   0.194902823079282   0.0235251634970828   -0.00136137404360176   0
0.853728777256858   0.199603235703295   -0.0303813370952172   0.00470041262401311   0
0.941657438692203   0.182882108290097   0.0879286614353448   -0.0167211274131981   0
0.986053967124903   0.212821680381658   0.0443965284327   0.0299395720915612   0
0.997093340565686   0.224082875424668   0.0110393734407833   0.0112611950430105   0
0.90316777167105   0.236800772359002   -0.0939255688946363   0.012717896934334   0
0.917870614369417   0.23405499358083   0.0147028426983664   -0.00274577877817198   0
1.00906340273831   0.219846780218821   0.0911927883688902   -0.0142082133620094   0
1.10141024426199   0.218780725216511   0.0923468415236803   -0.00106605500230983   0
1.09252522026588   0.265308267063005   -0.00888502399611157   0.0465275418464944   0
1.08127649255794   0.253020454093068   -0.0112487277079314   -0.0122878129699371   0
1.17509046532691   0.258071077047293   0.0938139727689642   0.00505062295422504   0
1.23696942792211   0.259817589543982   0.061878962595205   0.00174651249668845   0
1.15273289831346   0.270320166861599   -0.0842365296086487   0.0105025773176168   0
1.09046925458621   0.268940613421146   -0.0622636437272521   -0.00137955344045221   0
1.14276392506412   0.260324960619598   0.0522946704779104   -0.00861565280154886   0
1.27437443828374   0.265231199391446   0.131610513219618   0.00490623877184848   0
1.1722828811644   0.270227419904259   -0.102091557119338   0.00499622051281257   0
1.16690113537481   0.260748082421386   -0.00538174578958883   -0.00947933748287239   0
1.15489359643848   0.249130012232193   -0.0120075389363326   -0.0116180701891934   0
1.23711687983366   0.271785837063583   0.0822232833951744   0.0226558248313903   0
1.23101839090011   0.282515136952469   -0.00609848893354559   0.0107292998888863   0
1.15862452750625   0.305984587707682   -0.0723938633938639   0.0234694507552124   0
1.29697449725974   0.292818490403291   0.138349969753496   -0.0131660973043903   0
1.29356244421647   0.329214430965932   -0.00341205304327108   0.0363959405626407   0
1.19450674661648   0.336069091514676   -0.0990556975999899   0.00685466054874434   0
1.17194826144004   0.351695157584662   -0.0225584851764389   0.0156260660699852   0
1.21998189154933   0.387447792133456   0.0480336301092896   0.0357526345487947   0
1.35664658394042   0.363907993440389   0.136664692391088   -0.0235397986930677   0
1.16544686527958   0.383964252182413   -0.191199718660838   0.0200562587420248   0
1.10643004634516   0.387221497452685   -0.0590168189344262   0.00325724527027177   0
1.30105866837538   0.373298282414345   0.194628622030224   -0.0139232150383404   0
1.29017075588127   0.352995612060348   -0.0108879124941088   -0.0203026703539965   0
1.16053152022565   0.358744472083543   -0.129639235655624   0.00574886002319475   0
1.32335861265208   0.352152349222694   0.16282709242643   -0.0065921228608487   0
1.41919171254933   0.395217122132493   0.0958330998972494   0.0430647729097988   0
1.3938359969899   0.396563506616847   -0.0253557155594224   0.00134638448435376   0
1.44652360097696   0.368193871864742   0.052687603987055   -0.028369634752105   0
1.27724394005103   0.152885744846895   -0.169279660925925   -0.215308127017846   1
0.467933952954901   0.157068737410695   -0.809309987096133   0.00418299256380003   1
0.52837108229729   0.234065130998297   0.060437129342389   0.0769963935876017   0
