0   0   0   0   0
0.229236316605288   0.0297727995461042   0.229236316605288   0.0297727995461042   0
0.140002229125289   0.0437247004228377   -0.089234087479999   0.0139519008767335   0
0.179098326623562   0.0487393569101245   0.0390960974982725   0.00501465648728682   0
0.196330541008092   0.0718519115976221   0.01723221438453   0.0231125546874976   0
0.133452165145044   0.0566535169605118   -0.0628783758630481   -0.0151983946371103   0
0.237419185677064   0.0700545003473084   0.10396702053202   0.0134009833867965   0
0.153200333721177   0.0206107591348093   -0.0842188519558865   -0.0494437412124991   0
0.131347192466113   0.0617541713232596   -0.0218531412550645   0.0411434121884503   0
0.152857993996814   0.0860811068240442   0.0215108015307014   0.0243269355007845   0
0.0680526851248913   0.0937943052874214   -0.0848053088719226   0.0077131984633772   0
0.206299560394805   0.0761494823393477   0.138246875269914   -0.0176448229480737   0
0.140777723991298   0.0541640936992857   -0.0655218364035078   -0.021985388640062   0
0.238299345081958   0.0741120267295565   0.0975216210906601   0.0199479330302708   0
0.139818724046388   0.0440960860102402   -0.0984806210355698   -0.0300159407193164   0
0.187920135245508   0.0482116421032153   0.04810141119912   0.00411555609297516   0
0.158327009282845   0.0634935615205589   -0.0295931259626633   0.0152819194173436   0
0.198563744218047   0.0713574263736438   0.0402367349352023   0.00786386485308491   0
0.224474271118184   0.0996430711804639   0.025910526900137   0.0282856448068201   0
0.12815457424146   0.0782444785934605   -0.0963196968767236   -0.0213985925870034   0
0.229549503315603   0.104504780675958   0.101394929074142   0.0262603020824971   0
0.0943330759390894   0.141787329123903   -0.135216427376514   0.0372825484479454   0
0.23745659619063   0.113117051144114   0.143123520251541   -0.0286702779797895   0
0.182476028854559   0.117769469171301   -0.0549805673360707   0.00465241802718734   0
0.168461327757471   0.0737170786794195   -0.0140147010970886   -0.0440523904918814   0
0.30063368324273   0.110836522458134   0.132172355485259   0.0371194437787148   0
0.133007536888892   0.0929877502425454   -0.167626146353838   -0.0178487722155889   0
0.267167578647859   0.0968915483844179   0.134160041758967   0.00390379814187253   0
0.157747709430628   0.0493878967788921   -0.109419869217231   -0.0475036516055258   0
0.332878485074193   0.0700093309818948   0.175130775643565   0.0206214342030027   0
0.253797571096652   0.0674104407729487   -0.0790809139775416   -0.00259889020894612   0
0.142455618627146   0.0766358927988707   -0.111341952469506   0.00922545202592198   0
0.300318973330507   0.096566947810185   0.157863354703361   0.0199310550113143   0
0.138539396087358   0.0697589219867251   -0.161779577243149   -0.0268080258234599   0
0.320414960662829   0.0967378675072487   0.181875564575471   0.0269789455205236   0
0.166410733758974   0.078368535082168   -0.154004226903856   -0.0183693324250807   0
0.267185613939518   0.0899810884873177   0.100774880180544   0.0116125534051497   0
0.23654850469874   0.0947002758297757   -0.0306371092407771   0.00471918734245799   0
0.179541982700676   0.0788256085673687   -0.0570065219980639   -0.015874667262407   0
0.294493181737035   0.100236865296407   0.114951199036359   0.0214112567290381   0
0.128767297475873   0.0918228401864461   -0.165725884261162   -0.00841402510996064   0
0.30415983725668   0.107711404743834   0.175392539780807   0.0158885645573878   0
0.205988646909095   0.156172949807705   -0.0981711903475845   0.0484615450638713   0
0.232554683985273   0.151168412314511   0.0265660370761771   -0.00500453749319418   0
0.291582244916747   0.164469829117083   0.0590275609314748   0.0133014168025721   0
0.10310151746182   0.158142207238327   -0.188480727454927   -0.00632762187875593   0
0.30613408397449   0.173243289433682   0.20303256651267   0.0151010821953549   0
0.0702650884240559   0.1810777938115   -0.235868995550434   0.00783450437781774   0
0.327677877879243   0.169401914399314   0.257412789455187   -0.0116758794121858   0
0.121255911604865   0.167974214827931   -0.206421966274378   -0.0014276995713827   0
0.281365534605009   0.165475911737336   0.160109623000144   -0.00249830309059559   0
0.176436512478115   0.17658880501366   -0.104929022126894   0.0111128932763245   0
0.0795249193753128   0.157381431324037   -0.0969115931028021   -0.0192073736896234   0
0.247693795810493   0.17141088542581   0.16816887643518   0.0140294541017727   0
0.101035684056246   0.138084705785217   -0.146658111754246   -0.0333261796405923   0
0.347431773404366   0.1037466080593   0.246396089348119   -0.0343380977259173   0
0.162246374821781   0.116266461542011   -0.185185398582584   0.0125198534827114   0
0.246749485245664   0.12789261232582   0.0845031104238822   0.0116261507838087   0
0.23592465303696   0.147145021054537   -0.0108248322087036   0.0192524087287165   0
0.175274934762761   0.137941228119089   -0.0606497182741994   -0.00920379293544774   0
0.326735949730053   0.156926585991069   0.151461014967293   0.0189853578719806   0
0.112937498182048   0.133718441424173   -0.213798451548006   -0.0232081445668963   0
0.387147513239708   0.142892462146617   0.274210015057661   0.00917402072244441   0
0.156312672065447   0.0998494333171326   -0.230834841174261   -0.0430430288294849   0
0.399683287905862   0.143768737226457   0.243370615840415   0.0439193039093243   0
0.178190037886578   0.101364310325787   -0.221493250019284   -0.0424044269006696   0
0.444860707754801   0.126743565069395   0.266670669868223   0.0253792547436079   0
0.25430849594648   0.118972618006582   -0.190552211808321   -0.00777094706281348   0
0.315456156160121   0.127510575266024   0.0611476602136404   0.00853795725944284   0
0.362759978454845   0.138189334575983   0.0473038222947249   0.0106787593099587   0
0.161703199011893   0.104950964349738   -0.201056779442952   -0.0332383702262451   0
0.408068796944453   0.129270731587665   0.246365597932559   0.0243197672379264   0
0.179352086246857   0.105801212607949   -0.228716710697596   -0.0234695189797152   0
0.415053418636794   0.145005465642894   0.235701332389937   0.0392042530349446   0
0.258806219218646   0.136159217050527   -0.156247199418148   -0.00884624859236705   0
0.280993809667206   0.109807368754265   0.0221875904485597   -0.0263518482962615   0
0.322355802512084   0.120739110913117   0.0413619928448785   0.0109317421588517   0
0.190945986014501   0.10020280648629   -0.131409816497583   -0.020536304426827   0
0.330024105212953   0.139915536444751   0.139078119198452   0.0397127299584611   0
0.138076334519424   0.146538908684869   -0.191947770693528   0.00662337224011825   0
0.348149786596172   0.106764501170286   0.210073452076747   -0.0397744075145834   0
0.140889625624813   0.124753527795219   -0.207260160971359   0.0179890266249331   0
0.350628685586348   0.097081316897949   0.209739059961535   -0.0276722108972701   0
0.264789068958464   0.120329173746322   -0.0858396166278843   0.0232478568483728   0
0.235884308918249   0.104846890842051   -0.0289047600402144   -0.0154822829042706   0
0.380460588579612   0.110244976876829   0.144576279661363   0.00539808603477752   0
0.216522565851515   0.109572835291109   -0.163938022728097   -0.000672141585719738   0
0.435828335418243   0.153728417752095   0.219305769566729   0.0441555824609856   0
0.184456883124621   0.141005499660731   -0.251371452293623   -0.0127229180913632   0
0.378299926421365   0.115865637594683   0.193843043296744   -0.025139862066048   0
0.212057652818874   0.109462082697823   -0.166242273602491   -0.00640355489686055   0
0.388724545500088   0.109536230813154   0.176666892681214   7.41481153309631e-05   0
0.267545413922521   0.122241702911496   -0.121179131577567   0.0127054720983424   0
0.190830285827055   0.120074475830315   -0.0767151280954654   -0.00216722708118078   0
0.382021082496189   0.11131016446574   0.191190796669134   -0.00876431136457584   0
0.199292102217549   0.129278466674549   -0.18272898027864   0.0179683022088095   0
0.437770440212444   0.119344255739478   0.238478337994895   -0.00993421093507078   0
0.30602123742167   0.115457773496028   -0.131749202790774   -0.00388648224345076   0
0.359526624278888   0.115458141258954   0.0535053868572185   3.67762926126169e-07   0
0.448515576702404   0.13841147024164   0.0889889524235156   0.0229533289826867   0
0.232893667150062   0.131097117590024   -0.215621909552341   -0.0073143526516167   0
0.75584145386315   0.143759906253352   0.522947786713087   0.0126627886633281   1
0.568153966314625   0.155703186985559   -0.187687487548525   0.0119432807322074   0
0.189047115812858   0.101702019272488   -0.379106850501767   -0.0540011677130708   1
0.137525854368261   0.119231884478146   -0.0515212614445971   0.0175298652056578   0
0.17842075148718   0.0873946996859935   0.0408948971189194   -0.0318371847921527   0
0.258305430004172   0.040679136117387   0.0798846785169917   -0.0467155635686065   0
0.155871827938855   0.0569948482379329   -0.102433602065317   0.0163157121205459   0
0.284253180714324   0.0934097890400813   0.128381352775469   0.0364149408021485   1
0.169846074906458   0.0681883237013501   -0.114407105807866   -0.0252214653387313   0
0.308778095302776   0.0397381996429471   0.138932020396318   -0.0284501240584029   0
0.181982713250462   0.0815284739186255   -0.126795382052313   0.0417902742756784   0
0.127097889795268   0.110205940827366   -0.0548848234551947   0.028677466908741   0
0.3180528481883   0.0227488617107538   0.190954958393033   -0.0874570791166127   0
0.148697674616451   0.0740691135930659   -0.169355173571849   0.0513202518823121   0
0.331617603704463   0.081210210905649   0.182919929088011   0.00714109731258314   0
0.142658573758362   0.0725667652040225   -0.188959029946101   -0.00864344570162659   0
0.194996111749055   0.0819539509647491   0.0523375379906932   0.00938718576072664   0
0.219221718168707   0.104621271533779   0.0242256064196519   0.02266732056903   0
0.0793336330753231   0.133510845353936   -0.139888085093384   0.0288895738201565   0
0.313791807797841   0.0830890669427091   0.234458174722517   -0.0504217784112265   0
0.0812207055816434   0.139654468807951   -0.232571102216197   0.0565654018652417   0
0.277699282400873   0.108130135304745   0.19647857681923   -0.0315243335032056   0
0.0852191304564439   0.186155012780001   -0.192480151944429   0.0780248774752562   0
0.073078661315462   0.169409133196597   -0.0121404691409819   -0.016745879583404   0
0.0750185470573111   0.169706609923501   0.00193988574184911   0.000297476726903223   0
0.109800165035304   0.163016928101014   0.0347816179779929   -0.00668968182248714   0
0.145896399276994   0.149565932877622   0.0360962342416901   -0.0134509952233919   0
0.120961823373369   0.189853093126343   -0.0249345759036256   0.0402871602487217   0
0.0841274641919629   0.179283624803689   -0.0368343591814056   -0.0105694683226542   0
0.0899747281462084   0.156361263248058   0.00584726395424547   -0.0229223615556315   0
0.12148127033008   0.148392074328146   0.0315065421838717   -0.00796918891991172   0
0.174673563199157   0.128193994011274   0.0531922928690772   -0.0201980803168722   0
0.176495028668437   0.109968439875086   0.00182146546927972   -0.0182255541361878   0
0.139761824817831   0.113404508921206   -0.0367332038506063   0.00343606904612048   0
0.152257678436951   0.126393042285436   0.0124958536191204   0.0129885333642296   0
0.153210138757598   0.133978951460438   0.000952460320647136   0.00758590917500243   0
0.220548004087546   0.119817019258731   0.0673378653299473   -0.014161932201707   0
0.135050469598036   0.137848396496846   -0.0854975344895097   0.0180313772381148   0
0.184318827080388   0.125238710882788   0.0492683574823522   -0.0126096856140585   0
0.128345851825994   0.166355027811635   -0.0559729752543941   0.0411163169288477   0
0.112477322614383   0.148428549552318   -0.015868529211611   -0.0179264782593171   0
0.136803443204767   0.154630950957053   0.0243261205903843   0.00620240140473463   0
0.187139111420301   0.0767953819856175   0.0503356682155341   -0.0778355689714355   0
0.120671846269211   0.146368271331401   -0.0664672651510909   0.0695728893457831   0
0.189423080083949   0.131964291570381   0.068751233814738   -0.0144039797610197   0
0.097855277843495   0.177202231101944   -0.0915678022404536   0.0452379395315635   0
0.0674372183872526   0.191372048114197   -0.0304180594562424   0.0141698170122525   0
0.176037331283055   0.137662745459338   0.108600112895802   -0.0537093026548589   0
0.111506527337929   0.186288033394264   -0.0645308039451254   0.0486252879349262   0
0.175671517246878   0.172247854122657   0.0641649899089482   -0.0140401792716076   0
0.232048031593547   0.162161060722049   0.0563765143466699   -0.0100867934006079   0
0.148189000633279   0.1818987490183   -0.0838590309602684   0.0197376882962512   0
0.285604187747589   0.152269213862824   0.13741518711431   -0.0296295351554758   0
0.145607744318426   0.200068758748711   -0.139996443429163   0.047799544885887   0
0.109025641071972   0.195124642770973   -0.0365821032464539   -0.00494411597773772   0
0.273737435318153   0.152295113678181   0.164711794246181   -0.0428295290927927   0
0.148600879908768   0.181454075811898   -0.125136555409385   0.0291589621337171   0
0.2600958401379   0.158150187657461   0.111494960229132   -0.0233038881544373   0
0.181227714159838   0.195925270540199   -0.0788681259780618   0.037775082882738   0
0.216554613298817   0.199162857546908   0.0353268991389785   0.00323758700670948   0
0.256829524511572   0.187574659870577   0.0402749112127551   -0.0115881976763315   0
0.14867816204581   0.207186731260112   -0.108151362465762   0.0196120713895357   0
0.289891294213883   0.193420258779943   0.141213132168073   -0.0137664724801696   0
0.203837193014818   0.20324831088105   -0.0860541011990653   0.00982805210110743   0
0.232572937211104   0.193439707823013   0.0287357441962861   -0.00980860305803744   0
0.331200575808678   0.214951077180274   0.0986276385975745   0.0215113693572611   0
0.167823884001767   0.21158891130858   -0.163376691806912   -0.00336216587169408   0
0.31022551388627   0.197757737010566   0.142401629884503   -0.0138311742980141   0
0.240108734280138   0.217105855844563   -0.0701167796061313   0.0193481188339971   0
0.272208956402981   0.239496191627451   0.0321002221228428   0.0223903357828879   0
0.308492638921904   0.260061793369749   0.0362836825189227   0.0205656017422985   0
0.238861663453996   0.269616969618476   -0.0696309754679078   0.00955517624872659   0
0.340759900369747   0.257372073198338   0.101898236915751   -0.0122448964201371   0
0.314164402343741   0.286795898484158   -0.0265954980260061   0.0294238252858198   0
0.267416169081079   0.262456633186918   -0.0467482332626625   -0.0243392652972402   0
0.404330606959206   0.26339499780309   0.136914437878127   0.000938364616172305   0
0.278213650772729   0.269746805585001   -0.126116956186477   0.00635180778191097   0
0.402478972381167   0.267375372481351   0.124265321608438   -0.00237143310365068   0
0.366876402653537   0.316082633755894   -0.03560256972763   0.0487072612745431   0
0.352326716910597   0.312188774375153   -0.0145496857429396   -0.00389385938074116   0
0.425901991893675   0.313893467365319   0.0735752749830779   0.00170469299016623   0
0.318135389437202   0.317298122752483   -0.107766602456473   0.0034046553871645   0
0.448367413624139   0.322402438677769   0.130232024186938   0.00510431592528554   0
0.320704406335117   0.297561689696927   -0.127663007289022   -0.0248407489808424   0
0.470711844161585   0.298094438824762   0.150007437826467   0.000532749127835797   0
0.333547470843357   0.297057747613444   -0.137164373318228   -0.0010366912113185   0
0.275833745761827   0.28325879579335   -0.0577137250815303   -0.0137989518200936   0
0.355967772729499   0.302844681798793   0.080134026967672   0.0195858860054432   0
0.268086910813434   0.28489531148915   -0.0878808619160649   -0.0179493703096431   0
0.404194829323682   0.29268735370101   0.136107918510248   0.00779204221185936   0
0.273961032127308   0.305863837842037   -0.130233797196373   0.0131764841410274   0
0.407857400946703   0.308792786266539   0.133896368819395   0.00292894842450198   0
0.282425024550605   0.312203432019861   -0.125432376396098   0.00341064575332162   0
0.357296466978055   0.298267165457492   0.0748714424274493   -0.0139362665623686   0
0.325430210559807   0.309318109916591   -0.031866256418248   0.0110509444590992   0
0.26094405528176   0.294120514937313   -0.064486155278047   -0.0151975949792786   0
0.355985258353489   0.307744529365739   0.095041203071729   0.013624014428426   0
0.261112192926432   0.298574908915338   -0.094873065427057   -0.00916962045040054   0
0.379043465266188   0.273395182192284   0.117931272339757   -0.0251797267230537   0
0.263442907030043   0.260120870569573   -0.115600558236145   -0.0132743116227115   0
0.401435842378331   0.259953676771271   0.137992935348287   -0.000167193798301768   0
0.328793434415896   0.294635970304476   -0.0726424079624348   0.0346822935332048   0
0.377207350589831   0.286856495917889   0.0484139161739356   -0.00777947438658666   0
0.38174840313091   0.292931634180844   0.00454105254107884   0.00607513826295508   0
0.309693785404228   0.280794020589422   -0.0720546177266824   -0.0121376135914228   0
