0.0975723265632218   0.177482040335072   0   0   0
0.110924622069133   0.148021992069591   0.0133522955059112   -0.0294600482654809   0
0.0937987165537994   0.142006258539897   -0.0171259055153337   -0.00601573352969403   0
0.0762808257486113   0.109451383757813   -0.0175178908051881   -0.032554874782084   0
0.112561316600864   0.0855350837756064   0.036280490852253   -0.0239162999822064   0
0.102687599149362   0.102244093443093   -0.00987371745150253   0.0167090096674869   0
0.114635670048899   0.102565023852688   0.0119480708995371   0.000320930409594883   0
0.124492639855214   0.102341066995671   0.00985696980631511   -0.000223956857016802   0
0.0918595463183876   0.116280209733901   -0.0326330935368263   0.0139391427382296   0
0.0687718354079815   0.100972628747857   -0.0230877109104061   -0.0153075809860443   0
0.0549570171050977   0.107689706749763   -0.0138148183028838   0.0067170780019065   0
0.0830089399928472   0.100805972246777   0.0280519228877495   -0.00688373450298646   0
0.0749283075912569   0.0960420868356811   -0.00808063240159029   -0.00476388541109571   0
0.072481152887975   0.0870174007926336   -0.00244715470328191   -0.00902468604304749   0
0.0972210887089833   0.0442251077145381   0.0247399358210084   -0.0427922930780954   0
0.0731520775441135   0.0474047236022688   -0.0240690111648698   0.00317961588773066   0
0.0833238709267638   0.0288173401331993   0.0101717933826503   -0.0185873834690695   0
0.086546266617284   0.0323308828541304   0.00322239569052013   0.00351354272093104   0
0.0908102819714816   0.0324348301627544   0.00426401535419767   0.000103947308624085   0
0.0930126163634267   0.0295442873767925   0.00220233439194512   -0.00289054278596195   0
0.0814158427880594   0.0184176414562913   -0.0115967735753674   -0.0111266459205012   0
0.096587824794329   0.0226929072745156   0.0151719820062697   0.00427526581822432   0
0.0976808955803539   0.0247440457784378   0.00109307078602486   0.00205113850392217   0
0.0948467421408348   0.0529676002858467   -0.00283415343951914   0.0282235545074089   0
0.0708500237214498   0.0392524155462438   -0.023996718419385   -0.0137151847396029   0
0.0694473573621776   0.048403400165594   -0.00140266635927222   0.00915098461935024   0
0.0803848979916626   0.0265980007016505   0.010937540629485   -0.0218053994639435   0
0.0933782632861096   0.0252959153221306   0.012993365294447   -0.00130208537951993   0
0.0773369409334246   0.0311070656163531   -0.016041322352685   0.00581115029422258   0
0.0882761121718101   0.0408035146359431   0.0109391712383855   0.00969644901958999   0
0.127816402466741   0.058226844895396   0.0395402902949312   0.0174233302594528   0
0.153155748744636   0.0676653344721283   0.0253393462778944   0.00943848957673236   0
0.183606613367302   0.0728550365642795   0.0304508646226665   0.00518970209215112   0
0.206651196356663   0.0910379996678585   0.0230445829893605   0.018182963103579   0
0.21206859643521   0.106563176560351   0.0054174000785473   0.0155251768924923   0
0.20543829506555   0.0972340288329271   -0.00663030136966006   -0.00932914772742373   0
0.198138691973325   0.0805611811814009   -0.00729960309222544   -0.0166728476515262   0
0.199465025068281   0.0887315029875664   0.0013263330949565   0.0081703218061655   0
0.202936827008431   0.09209712636429   0.00347180194015032   0.00336562337672364   0
0.186649155936425   0.0768781006342671   -0.0162876710720061   -0.0152190257300229   0
0.22933484828759   0.0972868837752551   0.0426856923511651   0.0204087831409881   0
0.25587144866723   0.115092891997084   0.0265366003796398   0.0178060082218291   0
0.245182711821047   0.115504540732324   -0.0106887368461833   0.000411648735239342   0
0.240225506153614   0.116928972116249   -0.00495720566743293   0.00142443138392524   0
0.269573148943585   0.122905504219321   0.0293476427899706   0.00597653210307214   0
0.274700937942137   0.13827804723425   0.00512778899855282   0.0153725430149287   0
0.314803457419467   0.159088323869643   0.0401025194773294   0.0208102766353935   0
0.274217944312348   0.136126948715794   -0.0405855131071187   -0.0229613751538489   0
0.295132683864885   0.146836540639021   0.0209147395525368   0.0107095919232271   0
0.294342813532809   0.14539533355807   -0.000789870332075782   -0.00144120708095119   0
0.297491108035871   0.151788207768258   0.00314829450306153   0.00639287421018822   0
0.313000152115378   0.161471370731571   0.0155090440795079   0.00968316296331273   0
0.318191969354366   0.16343381437904   0.00519181723898793   0.00196244364746878   0
0.332117318158825   0.166280469755005   0.0139253488044584   0.00284665537596462   0
0.345799464127061   0.169402480810657   0.0136821459682362   0.00312201105565238   0
0.421014868382959   0.245916112888877   0.075215404255898   0.0765136320782203   0
0.442725466200382   0.265159292676728   0.0217105978174231   0.0192431797878503   0
0.456089217188497   0.285053091222885   0.0133637509881155   0.0198937985461576   0
0.491816867231421   0.309977988863734   0.0357276500429239   0.0249248976408486   0
0.532743135585495   0.328973798621222   0.0409262683540733   0.0189958097574878   0
0.517665259926592   0.337878142586958   -0.0150778756589025   0.00890434396573619   0
0.51213401144788   0.321162252121654   -0.00553124847871256   -0.0167158904653043   0
0.533050800163395   0.337837803641574   0.0209167887155153   0.0166755515199202   0
0.542083190944369   0.339933220412131   0.00903239078097384   0.00209541677055736   0
0.554347995801383   0.342198021041891   0.0122648048570141   0.00226480062975981   0
0.59290395806934   0.364492076628671   0.0385559622679574   0.0222940555867804   0
0.564128704800426   0.358347935386284   -0.0287752532689141   -0.00614414124238716   0
0.57146701948137   0.352724683422585   0.0073383146809437   -0.00562325196369962   0
0.552545093920141   0.33468964096442   -0.0189219255612294   -0.0180350424581643   0
0.60854489162858   0.357015402411034   0.0559997977084397   0.0223257614466137   0
0.616783327981845   0.367960697439825   0.00823843635326471   0.0109452950287912   0
0.582454632113858   0.350462587749766   -0.0343286958679866   -0.017498109690059   0
0.593070309208015   0.376028783225733   0.0106156770941563   0.0255661954759665   0
0.621214132322994   0.393797164252049   0.0281438231149791   0.0177683810263161   0
0.625137340485069   0.389231985961794   0.0039232081620757   -0.00456517829025432   0
0.591514880551998   0.374127772754195   -0.0336224599330717   -0.0151042132075989   0
0.60907685081889   0.381413202992847   0.0175619702668921   0.00728543023865119   0
0.648624438518477   0.400822525631248   0.0395475876995875   0.0194093226384015   0
0.67396909268735   0.43636572104879   0.0253446541688727   0.0355431954175415   0
0.704541129299147   0.464066561031044   0.0305720366117966   0.0277008399822547   0
0.75985275260014   0.494368791673698   0.0553116233009937   0.030302230642654   0
0.748695680851655   0.509356052812421   -0.011157071748485   0.0149872611387228   0
0.774108438921701   0.5480359493986   0.0254127580700461   0.0386798965861791   0
0.822067232482367   0.586162524560537   0.0479587935606652   0.038126575161937   0
0.788778593255579   0.566006890965914   -0.0332886392267877   -0.0201556335946231   0
0.776947781311583   0.563582514090892   -0.0118308119439955   -0.0024243768750225   0
0.771175030660861   0.545799049170464   -0.00577275065072269   -0.0177834649204277   0
0.848142982286897   0.565728837999288   0.0769679516260366   0.0199297888288246   0
0.818013695149162   0.550177402396981   -0.0301292871377359   -0.0155514356023071   0
0.81132690014254   0.549755075281247   -0.00668679500662195   -0.0004223271157342   0
0.83230933407333   0.563325377262504   0.0209824339307906   0.0135703019812566   0
0.813847323655551   0.555706538635567   -0.0184620104177796   -0.00761883862693713   0
0.832397325955876   0.569327451142623   0.018550002300325   0.0136209125070562   0
0.851948436222918   0.585071706263717   0.0195511102670426   0.0157442551210941   0
0.837441713820278   0.578652365629209   -0.0145067224026404   -0.00641934063450778   0
0.864571828812795   0.579459278436738   0.0271301149925173   0.000806912807528759   0
0.839850354317192   0.572897612838978   -0.0247214744956034   -0.0065616655977595   0
0.851437215784793   0.594629264285004   0.0115868614676018   0.0217316514460256   0
0.854029443833861   0.597438219062358   0.00259222804906778   0.00280895477735421   0
0.890143523546823   0.602700405284327   0.0361140797129614   0.00526218622196917   0
0.874125651455247   0.606371614345073   -0.0160178720915758   0.00367120906074558   0
0.862031386307868   0.599851151206839   -0.0120942651473791   -0.00652046313823407   0
0.833866811282983   0.594407559954685   -0.0281645750248848   -0.00544359125215388   0
0.876513964590303   0.611171196235216   0.0426471533073195   0.0167636362805309   0
0.881240202963664   0.611661917846003   0.00472623837336172   0.000490721610786671   0
0.854355669849209   0.59166692551785   -0.0268845331144557   -0.0199949923281527   0
0.865828368407365   0.592947396056412   0.0114726985581566   0.00128047053856239   0
0.870672694624679   0.592105052262899   0.00484432621731412   -0.000842343793513667   0
0.883301221210092   0.610191341901837   0.0126285265854126   0.0180862896389388   0
0.913940240892155   0.635475888393041   0.030639019682063   0.0252845464912038   0
0.919947540390777   0.642374562124856   0.00600729949862222   0.0068986737318143   0
0.946644291220604   0.662876018941018   0.0266967508298271   0.0205014568161622   0
0.97327127063045   0.69611076413487   0.0266269794098455   0.0332347451938521   0
0.97379323901299   0.692037987311327   0.000521968382540261   -0.00407277682354279   0
0.964631212627401   0.694313558867037   -0.00916202638558894   0.00227557155570968   0
0.972573125818974   0.695660705716144   0.00794191319157322   0.00134714684910731   0
0.939917599344161   0.672987354003039   -0.0326555264748136   -0.0226733517131052   0
0.830341719654992   0.606661863666815   -0.109575879689168   -0.0663254903362237   0
0.952809657682168   0.697306212622457   0.122467938027175   0.0906443489556421   0
0.918533869118831   0.68383786918344   -0.0342757885633367   -0.0134683434390171   0
0.953727951034445   0.697720143737162   0.0351940819156135   0.0138822745537216   0
0.9641340825143   0.703081014382296   0.0104061314798549   0.00536087064513402   0
0.979706190351112   0.689863405463549   0.0155721078368127   -0.0132176089187466   0
0.922678488708802   0.663326027045581   -0.0570277016423099   -0.0265373784179684   0
0.958592262293954   0.68182411875648   0.0359137735851514   0.0184980917108989   0
0.957607187876684   0.666830278536128   -0.000985074417270249   -0.0149938402203517   0
0.946048453125082   0.650496023049834   -0.0115587347516019   -0.0163342554862941   0
0.940856374302178   0.63829243571032   -0.00519207882290373   -0.0122035873395142   0
0.927355613679801   0.635142917034822   -0.0135007606223772   -0.00314951867549773   0
0.936705528316215   0.645693602091017   0.00934991463641444   0.0105506850561952   0
0.936558295645717   0.660469164544038   -0.000147232670498432   0.0147755624530214   0
0.934779381388122   0.649614431546637   -0.00177891425759491   -0.0108547329974016   0
0.91568490996417   0.63435939613555   -0.0190944714239518   -0.0152550354110864   0
0.900889990758034   0.644983300565604   -0.0147949192061363   0.0106239044300533   0
0.911541104783673   0.653598054241672   0.0106511140256397   0.00861475367606868   0
0.921755866018899   0.660649926124322   0.0102147612352251   0.00705187188264988   0
0.953416285656292   0.682733072113993   0.0316604196373933   0.0220831459896703   0
0.996550980950202   0.704054793477704   0.0431346952939102   0.0213217213637115   0
0.99372391383503   0.701372337196221   -0.00282706711517222   -0.00268245628148267   0
0.960594444557124   0.683059388407816   -0.0331294692779059   -0.0183129487884053   0
0.997008819008744   0.683419129056059   0.0364143744516198   0.00035974064824329   0
0.980529290817485   0.668952864337309   -0.016479528191259   -0.0144662647187506   0
0.955730273103374   0.656383816943267   -0.0247990177141107   -0.0125690473940416   0
0.967220603024584   0.665472715572332   0.01149032992121   0.00908889862906492   0
0.971469902663099   0.654142285680603   0.0042492996385145   -0.0113304298917296   0
0.971845661119403   0.647951986791007   0.000375758456304665   -0.00619029888959599   0
1.00404634061745   0.661628921066668   0.0322006794980455   0.0136769342756612   0
0.954043000558785   0.662806435184217   -0.0500033400586636   0.00117751411754963   0
0.932414974864003   0.624642503045978   -0.0216280256947818   -0.0381639321382391   0
0.948224570402792   0.622782107353802   0.0158095955387889   -0.00186039569217622   0
0.923708907161369   0.619251404775819   -0.0245156632414236   -0.00353070257798327   0
0.914855927850391   0.603445106397045   -0.00885297931097739   -0.0158062983787738   0
0.942648571548866   0.613898325042301   0.0277926436984752   0.0104532186452561   0
0.929005871960028   0.591738804473236   -0.0136426995888379   -0.0221595205690652   0
0.91337645629629   0.559893762911059   -0.0156294156637387   -0.0318450415621764   0
0.89631477397023   0.575864177718664   -0.0170616823260599   0.0159704148076042   0
0.905202268990235   0.567186729029182   0.00888749502000463   -0.00867744868948184   0
0.917778938304828   0.581491540009201   0.0125766693145934   0.0143048109800196   0
0.901490907086261   0.5830588765768   -0.0162880312185668   0.00156733656759878   0
0.903485409591919   0.581820447673976   0.00199450250565736   -0.00123842890282411   0
0.93278466675845   0.611093573908049   0.029299257166531   0.0292731262340733   0
0.899148761079111   0.585218593101511   -0.0336359056793382   -0.0258749808065378   0
0.901836621755019   0.580427342036279   0.00268786067590776   -0.00479125106523215   0
0.894725032401879   0.593497421547965   -0.00711158935313982   0.0130700795116854   0
0.893728322209698   0.59579308896456   -0.000996710192181505   0.0022956674165957   0
0.856960973736215   0.579914499373093   -0.0367673484734825   -0.0158785895914674   0
0.875772986943418   0.584785888433671   0.0188120132072023   0.00487138906057782   0
0.890736346384761   0.58579594021561   0.0149633594413436   0.00101005178193947   0
0.900435982749414   0.582095932808455   0.00969963636465243   -0.0037000074071557   0
0.952048709680424   0.605903896026871   0.0516127269310102   0.0238079632184163   0
0.919748634660055   0.584686458777618   -0.0323000750203685   -0.0212174372492527   0
0.900937001688635   0.570672482290081   -0.01881163297142   -0.0140139764875374   0
0.969072705201637   0.601018603566073   0.0681357035130019   0.0303461212759925   0
0.987315395780644   0.624411946267726   0.0182426905790066   0.0233933427016532   0
1.01221803608956   0.615063291997567   0.0249026403089132   -0.00934865427015885   0
