8.66004168638928e-09   0.00329961   0   0   0
0.0670053791861519   0.0583651230881294   0.0670053705261102   0.0550655130881294   0
0.11126519742606   0.0373933001336135   0.0442598182399076   -0.0209718229545159   0
0.144773789500724   0.0569589636764627   0.0335085920746647   0.0195656635428492   0
0.157775516255501   0.0655452044864649   0.0130017267547772   0.0085862408100022   0
0.210872498896875   0.0831454171348307   0.0530969826413734   0.0176002126483658   0
0.236975525557552   0.0927919668609487   0.0261030266606774   0.00964654972611799   0
0.271643495736416   0.092037275076922   0.0346679701788633   -0.000754691784026734   0
0.299606291131962   0.133474872489169   0.0279627953955465   0.0414375974122473   0
0.341107919017949   0.135393897873944   0.0415016278859869   0.00191902538477481   0
0.442790436080631   0.126407067710829   0.101682517062682   -0.00898683016311552   0
0.503892854579027   0.132890687720209   0.0611024184983953   0.00648362000938002   0
0.494050777251143   0.106723957554162   -0.00984207732788311   -0.0261667301660469   0
0.509804508834455   0.119095759275236   0.0157537315833116   0.0123718017210745   0
0.585981121454113   0.131625686945292   0.0761766126196579   0.0125299276700558   0
0.562131932105128   0.100435030643465   -0.0238491893489852   -0.0311906563018271   0
0.589715662468939   0.0904579840310959   0.0275837303638117   -0.00997704661236896   0
0.572828575945055   0.0921885237840508   -0.0168870865238842   0.0017305397529549   0
0.580587696264028   0.115153806016399   0.00775912031897241   0.0229652822323484   0
0.59502430059106   0.139733026967258   0.0144366043270322   0.0245792209508589   0
0.594579423218942   0.127252800004411   -0.000444877372117736   -0.0124802269628476   0
0.594989450253011   0.115646370023025   0.000410027034068561   -0.0116064299813852   0
0.612852862607058   0.09929058340554   0.0178634123540471   -0.0163557866174854   0
0.617507373102693   0.100509215248914   0.00465451049563481   0.00121863184337384   0
0.63428350165292   0.110122760663827   0.0167761285502275   0.00961354541491304   0
0.645223442189952   0.12486955817361   0.0109399405370316   0.0147467975097828   0
0.664329920108221   0.107740086768029   0.0191064779182696   -0.0171294714055803   0
0.651354020809253   0.116037291056852   -0.0129758992989688   0.00829720428882226   0
0.663366477579603   0.128515382912212   0.0120124567703506   0.0124780918553605   0
0.635752594469217   0.116426597413113   -0.0276138831103866   -0.0120887854990995   0
0.639051786269978   0.121936101517307   0.00329919180076177   0.0055095041041945   0
0.651940393308115   0.107948774806676   0.012888607038137   -0.0139873267106309   0
0.697419212765479   0.112966016675237   0.0454788194573633   0.00501724186856108   0
0.729924658037232   0.119397132308653   0.0325054452717533   0.00643111563341572   0
0.740928020140223   0.0997635380120914   0.0110033621029908   -0.0196335942965617   0
0.720347245493456   0.0791191453929452   -0.0205807746467662   -0.0206443926191462   0
0.705389403335201   0.0717928514835739   -0.0149578421582557   -0.0073262939093713   0
0.672649931725775   0.0670864519126932   -0.0327394716094256   -0.00470639957088068   0
0.648709081343286   0.05979730731908   -0.0239408503824892   -0.00728914459361321   0
0.667290343943144   0.0667271527466518   0.0185812625998585   0.00692984542757179   0
0.712792260438208   0.0585001745922608   0.0455019164950635   -0.00822697815439095   0
0.717190833455336   0.0673966165242181   0.00439857301712843   0.00889644193195721   0
0.68974445365367   0.062859618586836   -0.0274463798016662   -0.00453699793738203   0
0.687854680630335   0.0515464968115681   -0.00188977302333537   -0.0113131217752679   0
0.675200578773449   0.064926215693008   -0.0126541018568862   0.0133797188814399   0
0.654986348863852   0.0692854241945772   -0.0202142299095963   0.00435920850156915   0
0.677542523445842   0.0691825836329237   0.0225561745819901   -0.000102840561653481   0
0.688847755634465   0.0683395326719645   0.0113052321886229   -0.000843050960959199   0
0.722975053335176   0.0755153962684101   0.0341272977007103   0.00717586359644556   0
0.715210399818823   0.0833539338930233   -0.00776465351635303   0.00783853762461324   0
0.681971631899957   0.0783616319576902   -0.0332387679188658   -0.00499230193533305   0
0.626670372053762   0.0878922714462142   -0.0553012598461953   0.00953063948852394   0
0.65655151805741   0.072001092830196   0.0298811460036488   -0.0158911786160182   0
0.666105922040181   0.0793014968074002   0.00955440398277085   0.0073004039772042   0
0.649325456998261   0.0954229239283105   -0.0167804650419205   0.0161214271209103   0
0.593194062702081   0.101781818121472   -0.0561313942961799   0.006358894193162   0
0.618852462427839   0.1066006027863   0.0256583997257583   0.00481878466482748   0
0.609706873834468   0.0985817505395649   -0.009145588593371   -0.00801885224673507   0
0.638134190134802   0.104114406799455   0.0284273163003341   0.00553265625989061   0
0.602093769277677   0.161856231148981   -0.0360404208571257   0.0577418243495259   0
0.552943990387815   0.177945855168246   -0.0491497788898616   0.0160896240192641   0
0.583479614284852   0.168762572255995   0.0305356238970373   -0.00918328291225037   0
0.593618608352198   0.167939809879284   0.0101389940673455   -0.000822762376711361   0
0.61934984139822   0.150725230795818   0.0257312330460219   -0.0172145790834662   0
0.660509791037953   0.157034327859039   0.041159949639733   0.00630909706322083   0
0.665071018665676   0.174393328401411   0.00456122762772337   0.0173590005423728   0
0.685400330904501   0.177811423520144   0.0203293122388253   0.00341809511873262   0
0.644345373564519   0.169081889675358   -0.041054957339982   -0.00872953384478578   0
0.672224737700867   0.174136395224756   0.0278793641363481   0.00505450554939804   0
0.680101352802654   0.194470595870275   0.00787661510178661   0.0203342006455192   0
0.656759918132189   0.19154368871161   -0.0233414346704647   -0.00292690715866586   0
0.684927438448775   0.20750946653165   0.0281675203165854   0.0159657778200405   0
0.68564225652814   0.216348698300336   0.000714818079365354   0.00883923176868637   0
0.742756258287333   0.218136607549604   0.0571140017591933   0.00178790924926767   0
0.71802234105841   0.225921206367397   -0.0247339172289232   0.00778459881779295   0
0.721965577600484   0.258937581360837   0.00394323654207329   0.0330163749934398   0
0.710219877497807   0.268352231580995   -0.0117457001026766   0.00941465022015825   0
0.722602685363125   0.258759470122834   0.0123828078653183   -0.00959276145816074   0
0.709524442830548   0.288961430730816   -0.0130782425325771   0.0302019606079814   0
0.681562442611827   0.299600841566325   -0.0279620002187212   0.010639410835509   0
0.654502175733588   0.310007892401952   -0.0270602668782395   0.0104070508356269   0
0.654165388343804   0.307278342610572   -0.000336787389783599   -0.00272954979137974   0
0.632814536496279   0.329741228925426   -0.0213508518475254   0.0224628863148539   0
0.612077524214866   0.354156164856691   -0.0207370122814124   0.0244149359312656   0
0.56652150994115   0.376294475080355   -0.0455560142737166   0.0221383102236638   0
0.575869156727464   0.360407651751458   0.00934764678631395   -0.0158868233288975   0
0.608084841653696   0.374406681208082   0.0322156849262321   0.0139990294566239   0
0.62593384749828   0.40472136602884   0.0178490058445844   0.0303146848207581   0
0.612644140366983   0.446872731912286   -0.0132897071312966   0.0421513658834466   0
0.631190129308911   0.452707072324091   0.0185459889419278   0.00583434041180497   0
0.686603685499139   0.498152810963162   0.0554135561902274   0.0454457386390709   0
0.665464934741869   0.493034624200218   -0.0211387507572696   -0.00511818676294434   0
0.63143236982673   0.502842364295462   -0.0340325649151392   0.0098077400952441   0
0.59179644008223   0.525387275153291   -0.0396359297445001   0.0225449108578291   0
0.591205866867033   0.517225073126294   -0.000590573215196621   -0.00816220202699713   0
0.673736889375964   0.574821719608784   0.082531022508931   0.0575966464824905   0
0.713381161504844   0.555200379197907   0.0396442721288798   -0.0196213404108772   0
0.725011255974002   0.535429674053335   0.0116300944691584   -0.0197707051445727   0
0.643192133526212   0.535425399404997   -0.0818191224477905   -4.2746483379652e-06   0
0.695210128985474   0.564355160424674   0.0520179954592628   0.0289297610196778   0
0.766251662804069   0.582367009812446   0.0710415338185942   0.0180118493877719   0
0.746144954221363   0.594275401194808   -0.0201067085827056   0.0119083913823618   0
0.712592414568805   0.556665149966353   -0.0335525396525579   -0.037610251228455   0
0.722046057097468   0.614446364514682   0.00945364252866276   0.0577812145483293   0
0.691139287137549   0.601292567847926   -0.0309067699599186   -0.0131537966667566   0
0.651726460001433   0.552926783645314   -0.0394128271361159   -0.0483657842026113   0
0.65997131511074   0.551102084831839   0.00824485510930684   -0.00182469881347502   0
0.723302418000935   0.548950781283086   0.0633311028901952   -0.00215130354875381   0
0.743236655173842   0.54902949210526   0.0199342371729062   7.8710822174588e-05   0
0.715509179709806   0.535836691234801   -0.0277274754640352   -0.0131928008704587   0
0.624845131270941   0.462931215111068   -0.090664048438865   -0.0729054761237334   0
0.594061976968683   0.404358812383519   -0.0307831543022585   -0.058572402727549   0
0.627365461228286   0.400129926525235   0.0333034842596031   -0.00422888585828401   0
0.639700608749906   0.378734055415538   0.0123351475216198   -0.0213958711096969   0
0.669852023465631   0.338118879347205   0.030151414715725   -0.0406151760683329   0
0.654659666858284   0.342808065809791   -0.0151923566073463   0.0046891864625857   0
0.622509771750613   0.347822662957002   -0.0321498951076717   0.0050145971472107   0
0.61754506527945   0.391993560366111   -0.00496470647116287   0.0441708974091094   0
0.63715005024013   0.410528400237121   0.01960498496068   0.0185348398710102   0
0.693792194555401   0.408032675830625   0.0566421443152716   -0.00249572440649615   0
0.783515371608624   0.423483436940278   0.0897231770532225   0.0154507611096524   0
0.800713782057609   0.457078267821278   0.017198410448985   0.0335948308810006   0
0.743306895004345   0.47355376716298   -0.0574068870532641   0.0164754993417021   0
0.738928527557307   0.471620028863279   -0.00437836744703757   -0.00193373829970123   0
0.768177707526299   0.486188343085527   0.0292491799689917   0.014568314222248   0
0.65360865545141   0.491506829777827   -0.114569052074889   0.00531848669230028   0
0.828061517695998   0.513678877676268   0.174452862244588   0.0221720478984406   0
0.848262521828732   0.516758599382245   0.0202010041327338   0.0030797217059777   0
0.810742310165203   0.549631372381526   -0.0375202116635293   0.0328727729992807   0
0.831836670722234   0.557531696181706   0.021094360557031   0.0079003238001798   0
0.861180981378223   0.582159742768898   0.0293443106559896   0.0246280465871924   0
0.841043649254996   0.602539649044567   -0.0201373321232279   0.0203799062756688   0
0.773344828588153   0.628658397033715   -0.0676988206668423   0.0261187479891477   0
0.713151495990747   0.658142068457108   -0.0601933325974066   0.0294836714233928   0
0.80274896452695   0.634769700086969   0.0895974685362029   -0.0233723683701391   0
0.808151783986455   0.64990754226082   0.0054028194595056   0.0151378421738518   0
0.791477411266557   0.635372790349886   -0.0166743727198986   -0.0145347519109346   0
0.779834313685285   0.660793189486885   -0.0116430975812714   0.0254203991369989   0
0.765325697160366   0.685623333101346   -0.0145086165249195   0.0248301436144618   0
0.783266612609276   0.718090667563122   0.0179409154489104   0.0324673344617753   0
0.801193068473692   0.748062057195959   0.0179264558644157   0.029971389632837   0
0.767373674626541   0.772902917769431   -0.0338193938471509   0.0248408605734723   0
0.738522815413486   0.780467839126796   -0.0288508592130545   0.00756492135736464   0
0.755328226254604   0.831105065645132   0.0168054108411174   0.0506372265183367   0
0.712432050836238   0.842550522114846   -0.0428961754183657   0.0114454564697138   0
0.718468481153881   0.866611429599506   0.00603643031764245   0.0240609074846601   0
0.725732684928135   0.884042486562298   0.00726420377425474   0.0174310569627912   0
0.783105315331374   0.895639922491874   0.0573726304032384   0.0115974359295764   0
0.729838043109088   0.944438000595592   -0.0532672722222859   0.0487980781037183   0
0.74085762631038   0.95122216186546   0.0110195832012918   0.00678416126986814   0
0.739790659448881   0.952508816511559   -0.00106696686149876   0.00128665464609834   0
0.704273078728876   0.962022466226881   -0.0355175807200044   0.00951364971532209   0
0.716383072571379   0.966042319673548   0.0121099938425028   0.00401985344666744   0
0.698379301166214   0.965143955039869   -0.0180037714051647   -0.000898364633679538   0
0.673806120752468   0.96337881477122   -0.024573180413746   -0.00176514026864905   0
0.596944165325837   0.967337542578727   -0.0768619554266315   0.00395872780750717   0
0.616953471180842   0.970124450388196   0.0200093058550052   0.00278690780946955   0
0.632633309091104   0.961177361819347   0.0156798379102617   -0.0089470885688494   0
0.637584479552318   0.976689787150455   0.00495117046121407   0.0155124253311075   0
0.659938786518386   1.01320848905457   0.0223543069660683   0.0365187019041182   0
0.634215870675151   1.00226598861542   -0.0257229158432351   -0.0109425004391503   0
0.645565606380668   0.995999205116274   0.0113497357055171   -0.00626678349914811   0
0.626398195650339   1.00849638549191   -0.0191674107303295   0.0124971803756371   0
0.644678244016843   1.02451257513024   0.0182800483665042   0.0160161896383308   0
0.641721293821243   1.05953352280909   -0.00295695019560005   0.0350209476788523   0
0.670302111625982   1.07487647941333   0.0285808178047388   0.0153429566042378   0
0.668146354164123   1.09480652927595   -0.00215575746185837   0.0199300498626169   0
0.650339446154852   1.09607774638755   -0.017806908009271   0.00127121711159628   0
0.639841400500155   1.06779655318839   -0.010498045654697   -0.0282811931991584   0
0.640348785076297   1.10327176792892   0.000507384576142078   0.0354752147405308   0
0.636524817320302   1.1153369930178   -0.00382396775599514   0.0120652250888871   0
0.659081553635277   1.17713920018503   0.0225567363149745   0.0618022071672242   0
0.668306185558266   1.19795335062984   0.00922463192298983   0.0208141504448065   0
0.632076187705952   1.17279954461579   -0.0362299978523144   -0.0251538060140475   0
0.611926216538636   1.18443324116737   -0.0201499711673159   0.0116336965515857   0
0.60900555442225   1.19445182659285   -0.00292066211638597   0.010018585425478   0
0.629608733825516   1.19201106339287   0.0206031794032659   -0.00244076319998232   0
0.629081369383365   1.17684370548132   -0.000527364442150957   -0.0151673579115512   0
0.590953396000531   1.20671761851562   -0.0381279733828346   0.0298739130342978   0
0.59280894088109   1.19166089122923   0.00185554488055961   -0.0150567272863829   0
0.581336946313624   1.22929288590677   -0.0114719945674658   0.037631994677539   0
0.604556261841898   1.2627176605066   0.0232193155282739   0.0334247745998235   0
0.622836165952982   1.25463811819474   0.0182799041110832   -0.00807954231185093   0
0.625362214271705   1.25229964249785   0.00252604831872361   -0.00233847569689183   0
0.654812184494119   1.28085983617461   0.0294499702224138   0.0285601936767574   0
0.657676195309668   1.27447057722844   0.00286401081554866   -0.00638925894616782   0
0.621171053453877   1.25996386491845   -0.0365051418557901   -0.0145067123099878   0
0.650825919050471   1.30031561849893   0.0296548655965934   0.0403517535804732   0
0.687723700310059   1.35904214435581   0.0368977812595884   0.0587265258568863   0
0.595094006266237   1.27486156633466   -0.0926296940438224   -0.0841805780211591   0
0.504256546730927   1.21838461401521   -0.0908374595353094   -0.0564769523194419   0
0.522237950235331   1.22405377660011   0.0179814035044035   0.00566916258489991   0
0.52056338131874   1.2449315719397   -0.0016745689165909   0.020877795339586   0
0.53315949291183   1.24140617247579   0.0125961115930903   -0.00352539946390551   0
0.554457892439092   1.29329294835171   0.0212983995272619   0.0518867758759127   0
0.570453146026034   1.2863689405089   0.0159952535869421   -0.00692400784280256   0
0.557042541071147   1.28516571352686   -0.0134106049548877   -0.00120322698204522   0
0.543514428646563   1.28243084165424   -0.0135281124245834   -0.00273487187261967   0
0.498162272161391   1.25978327032629   -0.045352156485172   -0.0226475713279499   0
0.510739829726447   1.260319151382   0.0125775575650558   0.000535881055713228   0
0.579665012507224   1.28366165550117   0.068925182780777   0.0233425041191659   0
0.575807815294305   1.27780425444285   -0.00385719721291933   -0.00585740105831722   0
0.542300026551991   1.2809365595938   -0.0335077887423137   0.00313230515094864   0
0.509195415312668   1.27449198897845   -0.0331046112393233   -0.00644457061534776   0
0.520057610846231   1.25715420123627   0.0108621955335636   -0.0173377877421834   0
0.479194785405434   1.24058515386379   -0.0408628254407971   -0.0165690473724758   0
0.46129805962784   1.2381054193429   -0.0178967257775943   -0.00247973452089578   0
0.495551706558014   1.25017615511775   0.0342536469301742   0.0120707357748528   0
0.486088873476127   1.24903276065172   -0.00946283308188722   -0.00114339446603262   0
0.509863309345515   1.27060723196873   0.0237744358693879   0.0215744713170176   0
