0.102961161078389   0.107734789928846   0   0   0
0.108942555699506   0.0961787490075121   0.00598139462111699   -0.0115560409213336   0
0.140053004394336   0.121552951317615   0.0311104486948302   0.025374202310103   0
0.129185628808316   0.145990606207189   -0.0108673755860204   0.0244376548895738   0
0.119286326177471   0.131420790076989   -0.00989930263084456   -0.0145698161301999   0
0.103802408232854   0.129823397226187   -0.0154839179446178   -0.00159739285080171   0
0.0877565783933034   0.102068088329617   -0.0160458298395503   -0.0277553088965702   0
0.0827292315077325   0.10788940880653   -0.00502734688557088   0.00582132047691274   0
0.0641647004666896   0.114724223416079   -0.0185645310410429   0.00683481460954963   0
0.0793816411697195   0.119891178125853   0.0152169407030298   0.00516695470977355   0
0.0585031126906936   0.0964988870716134   -0.0208785284790258   -0.0233922910542395   0
0.180050429612956   0.0421141716139888   0.121547316922262   -0.0543847154576246   0
0.157172076383179   0.0468527212360446   -0.0228783532297765   0.00473854962205576   0
0.118420730483982   0.0941355971551278   -0.0387513458991971   0.0472828759190832   0
0.121807659716169   0.0864695166801284   0.0033869292321865   -0.00766608047499938   0
0.130439390384385   0.0738943147741421   0.00863173066821613   -0.0125752019059863   0
0.12844318060664   0.0822807350507547   -0.00199620977774484   0.00838642027661261   0
0.0811976466708857   0.101476021751569   -0.0472455339357545   0.0191952867008147   0
0.0786817535649149   0.0834835832207147   -0.00251589310597082   -0.0179924385308548   0
0.0649250634540314   0.0944836296155244   -0.0137566901108835   0.0110000463948097   0
0.0750444231165781   0.0685504965597143   0.0101193596625467   -0.0259331330558101   0
0.129243327493221   0.0607768570918736   0.054198904376643   -0.00777363946784068   0
0.136108889781307   0.065211376647503   0.00686556228808599   0.00443451955562942   0
0.14614201932018   0.0512952295728609   0.0100331295388734   -0.0139161470746421   0
0.102160602569533   0.0425597137068249   -0.0439814167506478   -0.00873551586603597   0
0.108377940760885   0.064437603316188   0.00621733819135284   0.0218778896093631   0
0.145120975535379   0.0664585966789429   0.0367430347744933   0.00202099336275491   0
0.122307051450928   0.066997069555294   -0.0228139240844506   0.000538472876351101   0
0.134929059684673   0.080348449530607   0.0126220082337446   0.013351379975313   0
0.133495103790177   0.0926646157759395   -0.0014339558944963   0.0123161662453325   0
0.135456784719408   0.102560159722587   0.00196168092923132   0.00989554394664718   0
0.136884876647349   0.118109941996532   0.00142809192794133   0.0155497822739456   0
0.109154772105575   0.111594202307692   -0.0277301045417742   -0.0065157396888407   0
0.154582705663506   0.0940760500694651   0.0454279335579306   -0.0175181522382265   0
0.179653811312118   0.109732400941609   0.0250711056486122   0.0156563508721438   0
0.119279351501171   0.108045966298655   -0.0603744598109464   -0.00168643464295429   0
0.193719421884952   0.14763195492423   0.0744400703837806   0.0395859886255759   0
0.233071222593631   0.164501275020895   0.0393518007086793   0.0168693200966642   0
0.312769814569757   0.236938968724543   0.0796985919761255   0.0724376937036485   0
0.321206462241967   0.241155033228627   0.00843664767220997   0.00421606450408349   0
0.312781255290339   0.22912159637352   -0.00842520695162802   -0.012033436855107   0
0.304907568081558   0.218649847451925   -0.00787368720878057   -0.0104717489215947   0
0.267956886488554   0.221590338843439   -0.0369506815930037   0.00294049139151392   0
0.293523263452899   0.234033919351982   0.0255663769643447   0.0124435805085432   0
0.300412134853371   0.237583748214182   0.00688887140047195   0.00354982886220037   0
0.324178582937075   0.244672646640874   0.0237664480837039   0.00708889842669166   0
0.351237158424561   0.28027841274035   0.0270585754874858   0.035605766099476   0
0.379239398308193   0.28939544691002   0.0280022398836318   0.00911703416966969   0
0.38509114706403   0.267600569069836   0.00585174875583694   -0.0217948778401838   0
0.422718926342599   0.29669784156318   0.0376277792785699   0.0290972724933444   0
0.375324994972558   0.300849370455133   -0.0473939313700418   0.00415152889195297   0
0.404133038714493   0.328585369207532   0.0288080437419355   0.0277359987523986   0
0.38595094551672   0.326566814868719   -0.0181820931977734   -0.00201855433881315   0
0.423078759511146   0.34701901240422   0.0371278139944261   0.020452197535501   0
0.405050515712744   0.340977613645676   -0.0180282437984018   -0.00604139875854359   0
0.466691478876366   0.35540850635888   0.0616409631636224   0.0144308927132039   0
0.484867122382263   0.378083567019581   0.0181756435058962   0.022675060660701   0
0.503694950521801   0.388275455362878   0.0188278281395388   0.0101918883432966   0
0.579405691367456   0.402467678256279   0.0757107408456548   0.0141922228934017   0
0.615436683307909   0.427816578514964   0.0360309919404531   0.0253489002586842   0
0.666337939094938   0.450519127730166   0.0509012557870291   0.0227025492152028   0
0.702274363752864   0.470514717648131   0.0359364246579256   0.0199955899179641   0
0.699692406035602   0.471228024282831   -0.00258195771726177   0.000713306634700039   0
0.687036551456879   0.472540638542602   -0.0126558545787236   0.00131261425977142   0
0.677859749772739   0.462231419234186   -0.00917680168413981   -0.0103092193084158   0
0.628948547824192   0.472628977448484   -0.0489112019485468   0.0103975582142983   0
0.665509369580932   0.458857095301467   0.0365608217567404   -0.0137718821470171   0
0.72278441799336   0.487046980849384   0.0572750484124276   0.0281898855479165   0
0.766851788509357   0.510279399814699   0.0440673705159974   0.0232324189653156   0
0.750587280692925   0.535808946556513   -0.0162645078164322   0.0255295467418133   0
0.726932392764967   0.552105604461909   -0.0236548879279584   0.0162966579053963   0
0.682735003616806   0.53189800960546   -0.0441973891481608   -0.0202075948564491   0
0.687777838325981   0.541853531705986   0.00504283470917566   0.00995552210052597   0
0.758990439188854   0.616839305781498   0.0712126008628727   0.0749857740755118   0
0.731823639958023   0.643507927702915   -0.0271667992308314   0.0266686219214173   0
0.824563625332721   0.658218079305408   0.0927399853746981   0.0147101516024927   0
0.811010877624856   0.687410016865662   -0.0135527477078645   0.0291919375602545   0
0.780745117539008   0.696578438665381   -0.030265760085848   0.00916842179971877   0
0.778948284109414   0.724972423265534   -0.00179683342959447   0.0283939846001529   0
0.784397932746511   0.74520186958602   0.00544964863709707   0.0202294463204864   0
0.769525608746713   0.765867408928269   -0.0148723239997974   0.0206655393422487   0
0.775328396465652   0.78289169578397   0.00580278771893894   0.0170242868557008   0
0.747289981697868   0.78799664933615   -0.0280384147677843   0.00510495355218077   0
0.699849635010979   0.762095368012593   -0.0474403466868895   -0.0259012813235571   0
0.732852721145252   0.760800012965628   0.0330030861342731   -0.00129535504696521   0
0.763830446527238   0.760224071204339   0.0309777253819865   -0.000575941761289167   0
0.779681567129812   0.768239371701458   0.0158511206025742   0.00801530049711852   0
0.779361386296499   0.757359777844223   -0.000320180833313755   -0.0108795938572348   0
0.815183737902689   0.779440089246281   0.0358223516061903   0.022080311402058   0
0.810589842280299   0.798028254661763   -0.0045938956223901   0.0185881654154825   0
0.782965582760188   0.77529998651651   -0.0276242595201113   -0.0227282681452535   0
0.813131868796814   0.776511288270493   0.0301662860366267   0.00121130175398287   0
0.831881068184629   0.796890540175531   0.0187491993878149   0.0203792519050388   0
0.91203057799451   0.812843481189029   0.0801495098098807   0.015952941013498   0
0.893392393439747   0.838133462247511   -0.0186381845547627   0.0252899810584817   0
0.871999139606227   0.847534481022011   -0.0213932538335202   0.00940101877450028   0
0.800531712776577   0.834475627283535   -0.07146742682965   -0.013058853738476   0
0.829041224628185   0.826184530618614   0.0285095118516075   -0.00829109666492089   0
0.809294301789528   0.800800182557578   -0.0197469228386563   -0.0253843480610365   0
0.854881462382943   0.850649779086846   0.0455871605934153   0.049849596529268   0
0.807817206588842   0.844574335606553   -0.0470642557941013   -0.00607544348029299   0
0.877089407888386   0.860590859673893   0.0692722012995441   0.0160165240673399   0
0.807470087453399   0.854545426469535   -0.0696193204349873   -0.00604543320435746   0
0.833487887757224   0.833946328518358   0.0260178003038255   -0.0205990979511768   0
0.858000921972115   0.820799548057563   0.0245130342148909   -0.0131467804607953   0
0.863502924201766   0.827996042029791   0.00550200222965014   0.0071964939722281   0
0.839219220134406   0.825788165549888   -0.0242837040673599   -0.00220787647990295   0
0.847722410252908   0.803114713890394   0.00850319011850253   -0.0226734516594941   0
0.821269948146771   0.749530808330285   -0.0264524621061371   -0.0535839055601095   0
0.811109487503383   0.767826729116667   -0.0101604606433885   0.0182959207863824   0
0.852110857241591   0.790140650436364   0.0410013697382088   0.0223139213196965   0
0.861141269294417   0.810237127515149   0.00903041205282584   0.0200964770787856   0
0.851448644011487   0.805518075311163   -0.00969262528293013   -0.00471905220398638   0
0.87000682303359   0.809920081321608   0.0185581790221027   0.00440200601044516   0
0.84173984952181   0.815539268478992   -0.0282669735117793   0.00561918715738441   0
0.789433205880016   0.816679912249285   -0.0523066436417943   0.00114064377029266   0
0.767315599496061   0.788044759261966   -0.0221176063839549   -0.0286351529873188   0
0.797878709641384   0.776603983153737   0.0305631101453226   -0.0114407761082291   0
0.772516442404303   0.782629879373066   -0.0253622672370813   0.00602589621932903   0
0.765740371863075   0.775024472537158   -0.00677607054122775   -0.00760540683590805   0
0.802648208613213   0.742020396864871   0.0369078367501383   -0.0330040756722876   0
0.840383684551289   0.734802770119472   0.0377354759380757   -0.00721762674539816   0
0.861681554342438   0.738368401481605   0.0212978697911492   0.00356563136213239   0
0.84950375198524   0.756052870423921   -0.0121778023571982   0.017684468942316   0
0.835962237767951   0.750285609666912   -0.0135415142172891   -0.00576726075700862   0
0.865770790381611   0.719487550711963   0.0298085526136606   -0.0307980589549487   0
0.842109353326514   0.749413378558523   -0.023661437055097   0.0299258278465596   0
0.826478562432807   0.766701458356022   -0.0156307908937069   0.0172880797974985   0
0.830331868548955   0.756396740308947   0.00385330611614809   -0.0103047180470748   0
0.82783043225349   0.760131902031647   -0.0025014362954654   0.00373516172270061   0
0.843448206408669   0.760177084880392   0.0156177741551785   4.51828487442185e-05   0
0.830073064000393   0.762492045749495   -0.013375142408276   0.00231496086910343   0
0.878609775430481   0.751458419508525   0.0485367114300882   -0.0110336262409702   0
0.867362055566763   0.729812032269954   -0.0112477198637181   -0.0216463872385713   0
0.918926153168469   0.744303499075646   0.0515640976017059   0.0144914668056924   0
0.94389797364016   0.767745226178296   0.0249718204716913   0.0234417271026497   0
0.949507204285465   0.787416074728818   0.00560923064530516   0.0196708485505228   0
0.95506048471602   0.79795804862447   0.00555328043055525   0.0105419738956517   0
0.950918411730996   0.779725458168329   -0.00414207298502434   -0.0182325904561416   0
0.953002935836506   0.803383361168633   0.00208452410551008   0.0236579030003042   0
0.935070027924647   0.817341468868925   -0.0179329079118591   0.0139581077002926   0
0.921616598642299   0.815387791880342   -0.0134534292823483   -0.0019536769885834   0
0.937497609343619   0.818247901622369   0.0158810107013199   0.00286010974202699   0
0.93119638342994   0.814714987472282   -0.00630122591367854   -0.00353291415008739   0
0.950815693654664   0.823887994511828   0.0196193102247241   0.00917300703954682   0
0.927982801920919   0.809341713523498   -0.0228328917337449   -0.0145462809883302   0
0.969353637315608   0.799259917339086   0.0413708353946892   -0.0100817961844125   0
0.971697847680028   0.789604871100364   0.00234421036442001   -0.00965504623872182   0
0.962825088001969   0.822741707766631   -0.00887275967805901   0.033136836666267   0
0.973207755736667   0.834711385211475   0.0103826677346975   0.0119696774448445   0
1.0239351428699   0.855818285036754   0.0507273871332319   0.0211068998252782   0
1.0804179303626   0.838766645370815   0.0564827874926994   -0.0170516396659389   0
1.0951946188153   0.845279806519223   0.0147766884527061   0.00651316114840861   0
1.11381249337624   0.846826057457292   0.0186178745609371   0.00154625093806826   0
1.0932299043591   0.857864712163907   -0.0205825890171447   0.011038654706615   0
1.07942330201548   0.864549048976056   -0.0138066023436179   0.00668433681214919   0
1.12640323778521   0.888973994678028   0.0469799357697291   0.0244249457019717   0
1.10662244650694   0.885402972634777   -0.0197807912782701   -0.00357102204325044   0
1.09733900962556   0.879023698088767   -0.00928343688138034   -0.00637927454600984   0
1.10339439586668   0.868107184429146   0.00605538624112434   -0.0109165136596209   0
1.04990617698678   0.911963879201479   -0.0534882188798997   0.0438566947723328   0
1.03165153961985   0.883802018386274   -0.0182546373669354   -0.0281618608152049   0
1.0463153991173   0.904343453603911   0.0146638594974557   0.0205414352176372   0
1.13793286110473   1.05816986219416   0.091617461987429   0.153826408590245   0
1.1296275091954   1.03296269390296   -0.00830535190933324   -0.0252071682912016   0
1.22164455506706   1.03908738438942   0.0920170458716636   0.00612469048646669   0
1.15214214450735   1.05944087016619   -0.0695024105597097   0.0203534857767713   0
1.12397949979926   1.04795919909556   -0.0281626447080898   -0.0114816710706367   0
1.19580476828536   1.05629221764351   0.0718252684860963   0.00833301854795621   0
1.16166413439944   1.05257238318607   -0.0341406338859187   -0.00371983445744384   0
1.15878413505795   1.06402696357905   -0.00287999934149052   0.0114545803929798   0
1.28515416850236   1.09972527264313   0.126370033444414   0.0356983090640788   0
1.26546534659034   1.10159166116772   -0.0196888219120268   0.00186638852458976   0
1.22253416928812   1.11093238477247   -0.0429311773022134   0.00934072360475424   0
1.25116304273344   1.10892639730777   0.0286288734453175   -0.00200598746469671   1
1.22123746363842   0.633470250719511   -0.0299255790950206   -0.475456146588264   1
1.10007879035776   0.674117681549001   -0.121158673280656   0.0406474308294897   1
1.14907654701682   0.72136402403017   0.0489977566590531   0.0472463424811695   1
1.16290468682218   0.695976237030763   0.0138281398053668   -0.0253877869994078   0
1.20828748425737   0.623373539588111   0.0453827974351848   -0.0726026974426517   0
1.19386530479531   0.550781608402096   -0.0144221794620574   -0.0725919311860146   0
1.11293343300756   0.538647843071426   -0.0809318717877476   -0.0121337653306698   0
1.09218610289364   0.474451768332673   -0.0207473301139214   -0.0641960747387539   0
1.1143388655261   0.466742984800522   0.02215276263246   -0.00770878353215093   0
1.07732160959158   0.461796621555691   -0.0370172559345183   -0.00494636324483072   0
1.09885459438954   0.432633575891597   0.0215329847979564   -0.0291630456640942   0
1.09669924714208   0.435569657960125   -0.00215534724746225   0.00293608206852797   0
1.12158533297026   0.434720736692822   0.0248860858281783   -0.000848921267302571   0
1.05502389311048   0.388174783732148   -0.0665614398597729   -0.046545952960674   0
1.03235473366329   0.38591811307517   -0.0226691594471942   -0.00225667065697777   0
1.05679140234391   0.420841542489272   0.0244366686806174   0.034923429414102   0
1.00550345764149   0.408264191900159   -0.0512879447024122   -0.0125773505891131   0
0.970502665985519   0.393964278023198   -0.0350007916559751   -0.0142999138769608   0
0.92686250698472   0.376842134733167   -0.043640159000799   -0.0171221432900319   0
0.93706886230522   0.397577793753424   0.0102063553205004   0.0207356590202573   0
0.934641273807229   0.41759677786001   -0.00242758849799107   0.0200189841065861   0
0.933347232044966   0.408954885521007   -0.001294041762263   -0.00864189233900292   0
