0.144491315972646   0.198336559915898   0   0   0
0.136814814443649   0.191455634102891   -0.00767650152899696   -0.00688092581300695   0
0.140992017072067   0.170792179389155   0.00417720262841831   -0.0206634547137354   0
0.187748603137307   0.127988538837712   0.0467565860652401   -0.0428036405514435   0
0.237114644346337   0.0863607332826963   0.0493660412090303   -0.0416278055550157   0
0.126964037798505   0.157808793749875   -0.110150606547833   0.0714480604671788   0
0.162014310690475   0.223594562730951   0.0350502728919699   0.0657857689810755   0
0.268096711239377   0.245079010904871   0.106082400548903   0.0214844481739206   1
0.096852228693265   0.236993086322154   -0.171244482546112   -0.00808592458271709   1
0.155566614104055   0.187463292056798   0.0587143854107901   -0.0495297942653557   1
0.169499127239936   0.190742932776846   0.0139325131358808   0.00327964072004786   0
0.185599226379153   0.163042731664552   0.0161000991392168   -0.0277002011122945   0
0.200487607784072   0.133886983538356   0.0148883814049195   -0.0291557481261958   0
0.23396038489847   0.122783341120538   0.0334727771143973   -0.0111036424178176   0
0.199775015760855   0.0993453981099401   -0.0341853691376142   -0.0234379430105983   0
0.223093249522347   0.0440679532078301   0.0233182337614913   -0.0552774449021101   0
0.223473302370216   0.0410732362886406   0.000380052847869405   -0.00299471691918949   0
0.190430794741843   0.0679935770538107   -0.0330425076283729   0.0269203407651702   1
0.248214089636124   0.0686193815782575   0.0577832948942813   0.000625804524446716   0
0.143539084738374   0.079905841208575   -0.104675004897751   0.0112864596303175   0
0.154474832220333   0.0398509847941992   0.0109357474819593   -0.0400548564143757   0
0.179421819509362   0.0478685783115344   0.0249469872890289   0.00801759351733513   0
0.18091887806553   0.0532743186107988   0.00149705855616789   0.00540574029926439   0
0.270621608206385   0.0393463428429914   0.089702730140855   -0.0139279757678073   0
0.625279351561396   0.0825957229988879   0.354657743355011   0.0432493801558965   1
0.23097371547267   0.0460050535505068   -0.394305636088726   -0.0365906694483811   1
0.122654004402412   0.105042039378206   -0.108319711070258   0.0590369858276988   1
0.137154265224587   0.137782946502143   0.0145002608221751   0.0327409071239377   0
0.203911774895419   0.12121730900581   0.0667575096708318   -0.0165656374963335   0
0.327150678547363   0.124343955328351   0.123238903651944   0.00312664632254141   1
0.153940132765338   0.209771692225739   -0.173210545782025   0.0854277368973873   1
0.221555111683391   0.179826054067229   0.067614978918053   -0.0299456381585095   0
0.0913963670794961   0.201508223408308   -0.130158744603895   0.0216821693410787   0
0.088467574706273   0.205234962548417   -0.00292879237322308   0.00372673914010888   0
0.183731165703318   0.204477948129768   0.0952635909970447   -0.000757014418648921   0
0.231158815821417   0.204584913650567   0.0474276501180997   0.000106965520799335   0
0.239774829432303   0.204356442679629   0.00861601361088557   -0.000228470970938088   0
0.18288846706452   0.171230126518612   -0.056886362367783   -0.0331263161610167   0
0.329345950784339   0.0956115256302293   0.146457483719819   -0.075618600888383   0
0.413344845339046   0.140361106269837   0.0839988945547075   0.0447495806396078   0
0.371088618238285   0.144659639756784   -0.0422562271007607   0.00429853348694681   0
0.244267258506845   0.144594786672307   -0.12682135973144   -6.4853084476818e-05   0
0.281340416254206   0.121915692510767   0.0370731577473608   -0.0226790941615397   0
0.36136518149296   0.0724060810330355   0.080024765238754   -0.0495096114777319   0
0.545742120246266   0.107162612933628   0.184376938753306   0.0347565319005922   1
0.379919346330244   0.30584426875168   -0.165822773916022   0.198681655818053   0
0.251297094167859   0.242694450141751   -0.128622252162385   -0.0631498186099293   0
0.260351436992866   0.274665705691388   0.00905434282500606   0.0319712555496371   0
0.311410816013253   0.307019550592727   0.0510593790203874   0.0323538449013389   0
0.394572577360617   0.308106663237344   0.083161761347364   0.00108711264461686   0
0.269576752013225   0.286660486647776   -0.124995825347392   -0.0214461765895673   0
0.183330850347125   0.320065108968086   -0.0862459016661002   0.0334046223203091   0
0.237907492856467   0.331495416545176   0.054576642509342   0.0114303075770908   0
0.308432153151451   0.29647509821488   0.0705246602949836   -0.0350203183302968   0
0.26861422652624   0.302828178731558   -0.0398179266252111   0.00635308051667854   0
0.194550499025446   0.334873644471542   -0.0740637275007938   0.0320454657399836   0
0.17961202925787   0.33599260800518   -0.0149384697675757   0.00111896353363833   0
0.260058961145429   0.329912677211849   0.0804469318875594   -0.00607993079333052   0
0.381255086055255   0.34375232237505   0.121196124909826   0.0138396451632001   0
0.348928184986538   0.331241251079768   -0.0323269010687166   -0.0125110712952814   0
0.352153666492343   0.325135349351451   0.0032254815058041   -0.00610590172831726   0
0.285052197915206   0.31508910169149   -0.0671014685771362   -0.0100462476599611   0
0.269387377868749   0.356030750210568   -0.0156648200464577   0.0409416485190784   0
0.229087326858144   0.33582468667716   -0.040300051010605   -0.0202060635334085   0
0.287575958204524   0.32631040447067   0.05848863134638   -0.00951428220648931   0
0.32344459694668   0.355938807867307   0.0358686387421558   0.029628403396637   0
0.310168799219473   0.350023815613756   -0.0132757977272062   -0.00591499225355163   0
0.30044482377841   0.340296926935599   -0.00972397544106313   -0.00972688867815663   0
0.385956978812406   0.330292414575706   0.0855121550339957   -0.0100045123598933   0
0.482376943182404   0.313411598203544   0.0964199643699978   -0.0168808163721614   0
0.564201490859427   0.377154064953899   0.0818245476770231   0.0637424667503547   0
0.339645392491066   0.305763016045908   -0.224556098368361   -0.0713910489079915   0
0.459377971885897   0.326873129346142   0.119732579394831   0.0211101133002348   0
0.437852519953249   0.365390486241446   -0.0215254519326484   0.0385173568953031   0
0.319988765558246   0.393154834604002   -0.117863754395003   0.0277643483625563   0
0.288079761566897   0.378675290689134   -0.0319090039913491   -0.014479543914868   0
0.32083134952964   0.353391299938185   0.0327515879627433   -0.0252839907509491   0
0.357905614446044   0.349670991535615   0.0370742649164036   -0.00372030840256987   0
0.325858319792514   0.363178146669441   -0.0320472946535301   0.0135071551338262   0
0.267299852574239   0.386897502862515   -0.0585584672182743   0.0237193561930742   0
0.257708869647593   0.390531828747351   -0.00959098292664634   0.00363432588483548   0
0.295822238701234   0.390290095049183   0.0381133690536414   -0.000241733698168101   0
0.246647161326073   0.385773134176682   -0.049175077375161   -0.00451696087250097   0
0.22939739703181   0.415492387541577   -0.0172497642942629   0.0297192533648954   0
0.216346759096225   0.403830290749097   -0.0130506379355853   -0.0116620967924803   0
0.231891496608097   0.415703436101387   0.0155447375118719   0.0118731453522903   0
0.256532262142161   0.444598693054759   0.0246407655340642   0.0288952569533722   0
0.175737131115339   0.433430641956703   -0.0807951310268216   -0.0111680510980558   0
0.219626151140979   0.44042725899205   0.0438890200256392   0.00699661703534621   0
0.263127220157028   0.448301389872092   0.043501069016049   0.0078741308800428   0
0.278734897834197   0.492621823973776   0.0156076776771689   0.0443204341016836   0
0.225959880952527   0.469675583782306   -0.0527750168816699   -0.02294624019147   0
0.215810409039231   0.48590377501775   -0.010149471913296   0.0162281912354438   0
0.257730325212226   0.472509370225078   0.0419199161729959   -0.0133944047926716   0
0.473371933372692   0.600144844725213   0.215641608160465   0.127635474500135   1
0.317090016195717   0.509666770609238   -0.156281917176975   -0.0904780741159745   1
0.259363686512243   0.482266279131146   -0.0577263296834742   -0.0274004914780929   0
0.274688454218593   0.509596370549526   0.0153247677063502   0.0273300914183808   0
0.340868210139403   0.457604342535394   0.0661797559208098   -0.0519920280141325   0
0.253849133953792   0.468200149771441   -0.0870190761856112   0.0105958072360473   0
0.397918533698796   0.444157938962313   0.144069399745005   -0.024042210809128   0
0.333782469025861   0.400101029845588   -0.064136064672935   -0.0440569091167253   0
0.279320878256818   0.398166286140916   -0.0544615907690434   -0.00193474370467156   0
0.300926589300863   0.407207130222446   0.0216057110440448   0.00904084408152955   0
0.251923258300003   0.386369201264801   -0.0490033310008596   -0.0208379289576452   0
0.189795176912481   0.397033724878945   -0.0621280813875218   0.0106645236141446   0
0.222941414462096   0.358507281062045   0.0331462375496147   -0.0385264438169003   0
0.248946019227482   0.34911804203378   0.0260046047653865   -0.00938923902826516   0
0.404153970522374   0.377311391118132   0.155207951294892   0.0281933490843523   0
0.55535680966114   0.366861302056036   0.151202839138766   -0.0104500890620962   0
0.39329018469061   0.364812857801435   -0.16206662497053   -0.00204844425460093   0
0.357366827788017   0.341458222020279   -0.0359233569025935   -0.0233546357811562   0
0.356802069420344   0.357216941901557   -0.000564758367672891   0.0157587198812778   0
0.39758709730981   0.387285428366793   0.0407850278894657   0.030068486465236   0
0.399630398191929   0.396226095239195   0.00204330088211963   0.00894066687240297   0
0.384314183052734   0.386865492827611   -0.0153162151391958   -0.00936060241158498   0
0.434479811718381   0.386368619380832   0.0501656286656477   -0.000496873446778789   0
0.482429085637464   0.388112404178867   0.0479492739190832   0.001743784798035   0
0.407801635330218   0.416240425474869   -0.0746274503072465   0.0281280212960023   0
0.410548093508044   0.398735211283441   0.00274645817782659   -0.0175052141914285   0
0.438826088894325   0.363606854277391   0.0282779953862805   -0.0351283570060494   0
0.434601457218093   0.342441241536778   -0.00422463167623183   -0.0211656127406131   0
0.469700615198831   0.404666671108457   0.0350991579807375   0.0622254295716787   0
0.401825276574284   0.368374287172028   -0.0678753386245464   -0.0362923839364285   0
0.439835474058835   0.318740310857052   0.0380101974845507   -0.0496339763149766   0
0.388328624177387   0.327849198303885   -0.0515068498814476   0.00910888744683297   0
0.371343011233549   0.307570746769747   -0.0169856129438379   -0.0202784515341375   0
0.47754286404259   0.332097250481692   0.106199852809041   0.0245265037119452   0
0.438354374341856   0.301746498628402   -0.0391884897007345   -0.0303507518532908   0
0.41670771364757   0.321902508745272   -0.0216466606942863   0.0201560101168705   0
0.382259196161662   0.307071557320928   -0.0344485174859077   -0.0148309514243441   0
0.389738731096005   0.303637523399612   0.007479534934343   -0.00343403392131586   0
0.410873323125828   0.317047892723245   0.0211345920298228   0.0134103693236325   0
0.42797660400148   0.324398194366892   0.0171032808756527   0.00735030164364764   0
0.447871027102669   0.320095835759777   0.0198944231011889   -0.00430235860711548   0
0.419131052899031   0.321912100706854   -0.0287399742036387   0.00181626494707765   0
0.415315703388446   0.314121994009493   -0.00381534951058421   -0.00779010669736135   0
0.444411703088353   0.322688072273364   0.0290959996999061   0.00856607826387124   0
0.528311125541569   0.321674695925091   0.0838994224532169   -0.00101337634827292   0
0.426888618776385   0.300806844527348   -0.101422506765184   -0.0208678513977436   0
0.475434362133197   0.306759221801481   0.0485457433568118   0.00595237727413289   0
0.471478485951374   0.288066349897901   -0.00395587618182297   -0.0186928719035795   0
0.460704414372393   0.302174021617511   -0.0107740715789806   0.0141076717196099   0
0.463682264985205   0.289005867990167   0.00297785061281169   -0.0131681536273437   0
0.481740615678188   0.281973277436888   0.0180583506929832   -0.00703259055327971   0
0.522749952603537   0.267243835177727   0.0410093369253485   -0.0147294422591608   0
0.510829562257315   0.297158262295532   -0.0119203903462219   0.0299144271178048   0
0.569249841241963   0.325682740550908   0.058420278984648   0.0285244782553762   0
0.489929543155187   0.300673065734196   -0.0793202980867762   -0.0250096748167121   0
0.494254202162976   0.298987625240996   0.00432465900778939   -0.00168544049320024   0
0.511247533300651   0.306278722037624   0.0169933311376746   0.0072910967966282   0
0.555628531370555   0.323522015479627   0.0443809980699044   0.0172432934420033   0
0.509185610428309   0.316495195986053   -0.0464429209422458   -0.00702681949357414   0
0.515315581061741   0.312648867186897   0.0061299706334319   -0.00384632879915581   0
0.501575304752935   0.318424780898488   -0.0137402763088058   0.00577591371159081   0
0.511440818052294   0.33063387129346   0.00986551329935881   0.0122090903949718   0
0.525770245769005   0.340897342177964   0.0143294277167108   0.0102634708845046   0
0.632321290815832   0.362671855249687   0.106551045046827   0.021774513071723   0
0.5678627820812   0.355108749834822   -0.0644585087346322   -0.00756310541486543   0
0.522159873826973   0.362792442966361   -0.045702908254227   0.00768369313153894   0
0.577171101323516   0.342739491895813   0.055011227496543   -0.0200529510705478   0
0.579638621737717   0.377943502249675   0.00246752041420117   0.0352040103538621   0
0.607245044710124   0.377274557463792   0.0276064229724068   -0.00066894478588303   0
0.405141251498795   0.332011269511669   -0.202103793211328   -0.0452632879521231   1
0.461557874934444   0.312990009380891   0.056416623435649   -0.0190212601307782   0
0.523831037240063   0.314034818826273   0.0622731623056186   0.00104480944538221   0
0.367529559993968   0.281024361487132   -0.156301477246094   -0.0330104573391413   0
0.421220996310725   0.285651836574702   0.0536914363167569   0.00462747508757   0
0.631475618051877   0.239793637746084   0.210254621741152   -0.0458581988286179   0
0.688937726004317   0.240678624942578   0.0574621079524404   0.000884987196494103   0
0.756826315597575   0.213511169247068   0.0678885895932574   -0.02716745569551   0
0.70564627360881   0.196652205511405   -0.0511800419887646   -0.0168589637356624   0
0.749887275921521   0.210017815992477   0.0442410023127111   0.0133656104810719   0
0.900258153003904   0.20894162103145   0.150370877082382   -0.0010761949610274   0
0.747323884739408   0.161737239821176   -0.152934268264496   -0.0472043812102741   0
0.639678414875006   0.192355034489125   -0.107645469864402   0.0306177946679494   0
0.779524942490617   0.192223583059441   0.139846527615611   -0.000131451429683599   0
0.80860127748415   0.188561504166837   0.0290763349935332   -0.00366207889260473   0
0.758119788918612   0.191659464087115   -0.0504814885655388   0.00309795992027795   0
0.747436939772848   0.167628961222852   -0.0106828491457636   -0.0240305028642625   0
0.756231901089871   0.190243250739915   0.00879496131702273   0.0226142895170623   0
0.669232180179644   0.17401475452096   -0.0869997209102263   -0.0162284962189544   0
0.591488324681899   0.180482291692398   -0.0777438554977451   0.00646753717143833   0
0.611572051540127   0.172624896674321   0.0200837268582279   -0.00785739501807745   0
0.761343395627098   0.169707996021291   0.149771344086971   -0.0029169006530301   0
0.704600113297606   0.162091432453114   -0.0567432823294917   -0.00761656356817667   0
0.654663865590579   0.171789484095535   -0.0499362477070272   0.00969805164242057   0
0.622768232627516   0.169460218813509   -0.0318956329630631   -0.00232926528202537   0
0.68018424385309   0.171069058749128   0.057416011225574   0.00160883993561825   0
0.720021444398707   0.182762473066136   0.0398372005456166   0.0116934143170081   0
0.7334403830026   0.198936037935564   0.0134189386038929   0.0161735648694278   0
0.604443152911835   0.191225095959376   -0.128997230090765   -0.00771094197618774   0
0.689035235293523   0.185220110351171   0.0845920823816878   -0.00600498560820473   0
0.737909533144138   0.182358316700775   0.0488742978506155   -0.00286179365039652   0
0.708685536611973   0.175583475853289   -0.0292239965321652   -0.00677484084748564   0
