0.163622197569034   0.336827375913464   0   0   0
0.195449405044084   0.312388894991883   0.03182720747505   -0.0244384809215805   0
0.257441428849535   0.292207910971178   0.0619920238054507   -0.0201809840207053   0
0.145092513566242   0.284693183256115   -0.112348915283293   -0.00751472771506301   0
0.160316723558438   0.270712402612168   0.015224209992196   -0.0139807806439473   0
0.154204668151535   0.280526707126523   -0.00611205540690302   0.00981430451435511   0
0.137177798894387   0.285706810712048   -0.0170268692571475   0.00518010358552501   0
0.0573509216004416   0.23297238203433   -0.0798268772939455   -0.0527344286777176   0
0.159662966301676   0.15195416473233   0.102312044701234   -0.0810182173020007   0
0.166290091744036   0.158942736631633   0.00662712544236063   0.0069885718993028   0
0.163400319375361   0.140935034065345   -0.00288977236867519   -0.0180077025662874   0
0.265436886115024   0.0994310961872592   0.102036566739663   -0.0415039378780859   0
0.193514222524961   0.10253908141983   -0.0719226635900629   0.00310798523257062   0
0.167969612024943   0.0940030953557526   -0.0255446105000173   -0.00853598606407723   0
0.23106375241316   0.0890573035862444   0.0630941403882164   -0.00494579176950824   0
0.192416766692952   0.0912396304810854   -0.0386469857202076   0.00218232689484095   0
0.151176162238727   0.0877639795785264   -0.0412406044542249   -0.00347565090255894   0
0.170002804773362   0.0832098334224537   0.0188266425346352   -0.00455414615607268   0
0.23020309661045   0.0649801628942648   0.0602002918370872   -0.018229670528189   0
0.161580883616039   0.0620785982274801   -0.0686222129944104   -0.00290156466678462   0
0.123848712433638   0.0630263722975845   -0.0377321711824011   0.000947774070104344   0
0.215483281156567   0.0637154578831456   0.0916345687229286   0.000689085585561106   0
0.141006732451788   0.121952859808585   -0.0744765487047792   0.0582374019254399   0
0.203540581245215   0.13476633566236   0.0625338487934275   0.012813475853775   0
0.0666846661323276   0.196681412244523   -0.136855915112887   0.0619150765821626   0
0.137155018431919   0.175975378132851   0.0704703522995913   -0.0207060341116717   0
0.0967833681670921   0.20019509758608   -0.0403716502648267   0.0242197194532285   0
0.142717479351094   0.178389775337602   0.0459341111840021   -0.0218053222484781   0
0.168350706255661   0.169962339044566   0.0256332269045672   -0.00842743629303569   0
0.106432553895272   0.188484035033474   -0.0619181523603893   0.0185216959889084   0
0.160827252536675   0.186928369283671   0.0543946986414026   -0.00155566574980334   0
0.16574262399386   0.185257179062648   0.00491537145718515   -0.00167119022102308   0
0.146530379291326   0.195904520472346   -0.0192122447025334   0.0106473414096985   0
0.194124087702789   0.223210759064163   0.0475937084114623   0.0273062385918169   0
0.146367845320548   0.208450650011579   -0.0477562423822403   -0.0147601090525839   0
0.186548194645271   0.207375682242398   0.0401803493247228   -0.00107496776918151   0
0.17580648450444   0.235147605130799   -0.0107417101408309   0.0277719228884007   0
0.155638249050161   0.196882567646307   -0.0201682354542791   -0.038265037484492   0
0.148282679049341   0.217832760707613   -0.00735557000081974   0.0209501930613059   0
0.239935501027443   0.226810602310832   0.0916528219781014   0.00897784160321968   0
0.133219452223652   0.225797689946271   -0.10671604880379   -0.00101291236456089   0
0.153272100521295   0.26314737692546   0.0200526482976428   0.0373496869791884   0
0.204131241465142   0.331337994034038   0.0508591409438466   0.0681906171085779   0
0.2074673090441   0.302155513176162   0.00333606757895805   -0.0291824808578754   0
0.14444584941787   0.295408325018947   -0.0630214596262297   -0.00674718815721498   0
0.169310809375214   0.309230622533975   0.0248649599573437   0.0138222975150281   0
0.185911911897436   0.29421467881931   0.0166011025222222   -0.015015943714665   0
0.160516789425935   0.283551686203327   -0.0253951224715008   -0.0106629926159835   0
0.195916417129142   0.285849617021346   0.0353996277032069   0.00229793081801877   0
0.194313082276413   0.316195671826007   -0.00160333485272923   0.0303460548046613   0
0.170737541944412   0.310550888536001   -0.0235755403320003   -0.00564478329000567   0
0.197513903636276   0.317679822042965   0.0267763616918632   0.0071289335069637   0
0.265880746605127   0.316323200081815   0.0683668429688517   -0.00135662196115005   0
0.22386033623753   0.33747776162697   -0.0420204103675974   0.0211545615451549   0
0.29466733909329   0.326526903700522   0.0708070028557601   -0.010950857926448   0
0.459706232763066   0.349468233061676   0.165038893669776   0.0229413293611542   0
0.334340441680946   0.364582659122043   -0.12536579108212   0.0151144260603671   0
0.308123478331466   0.352149482247596   -0.0262169633494796   -0.0124331768744472   0
0.355880759276137   0.350184371707962   0.047757280944671   -0.00196511053963422   0
0.387712030632234   0.382471198878098   0.0318312713560962   0.0322868271701366   0
0.390176395073062   0.370110539536839   0.00246436444082826   -0.0123606593412596   0
0.399641953719827   0.397673544408602   0.00946555864676474   0.0275630048717627   0
0.493158828222714   0.422965165704281   0.0935168745028871   0.0252916212956795   0
0.402130938772331   0.434317579401007   -0.0910278894503828   0.0113524136967259   0
0.465378800106967   0.41632712995612   0.0632478613346358   -0.0179904494448871   0
0.473661102531124   0.44255653527572   0.00828230242415745   0.0262294053196006   0
0.452176473524442   0.437767335732978   -0.0214846290066826   -0.00478919954274221   0
0.44117897481521   0.446438625742106   -0.0109974987092312   0.00867129000912753   0
0.385369817877581   0.461166703291228   -0.0558091569376292   0.0147280775491228   0
0.322054648737695   0.425023751846   -0.0633151691398863   -0.0361429514452287   0
0.43367655970684   0.449319747444957   0.111621910969145   0.0242959955989571   0
0.423357492334505   0.465428737860588   -0.010319067372335   0.0161089904156311   0
0.628599653316004   0.50815437101436   0.205242160981499   0.042725633153772   0
0.544804811239769   0.541764477640653   -0.0837948420762351   0.0336101066262933   0
0.466305639010038   0.522899720531098   -0.0784991722297305   -0.0188647571095557   0
0.622240377363122   0.547631550777984   0.155934738353084   0.0247318302468866   0
0.575120841251862   0.574219264563633   -0.0471195361112592   0.0265877137856491   0
0.582389235805402   0.537402430049865   0.00726839455353945   -0.0368168345137684   0
0.668437027499973   0.555229957890647   0.0860477916945713   0.0178275278407823   0
0.620741668564307   0.570737845729105   -0.0476953589356662   0.0155078878384579   0
0.619520272796621   0.568621222577033   -0.00122139576768576   -0.00211662315207195   0
0.667938753943054   0.5951206576796   0.048418481146433   0.026499435102567   0
0.556815787936333   0.594441186154694   -0.111122966006721   -0.000679471524905995   0
0.654155346952847   0.607627259050728   0.0973395590165138   0.0131860728960332   0
0.722707939336362   0.645430565518089   0.0685525923835143   0.0378033064673613   0
0.661511892873228   0.659185412930421   -0.0611960464631337   0.0137548474123325   0
0.752786112069717   0.700731481686102   0.0912742191964888   0.0415460687556807   0
0.738954652733874   0.73778770652336   -0.0138314593358428   0.0370562248372583   0
0.681379025238699   0.733342057524488   -0.0575756274951745   -0.0044456489988719   0
0.756572131444081   0.72277115524798   0.0751931062053819   -0.0105709022765083   0
0.795853379632832   0.752790530071281   0.0392812481887505   0.0300193748233007   0
0.711483118946086   0.774566333047887   -0.0843702606867459   0.0217758029766059   0
0.821614562086146   0.783046525760283   0.110131443140061   0.00848019271239642   0
0.755000693574443   0.780458887544373   -0.0666138685117034   -0.00258763821591046   0
0.660012732516548   0.729974202682019   -0.0949879610578953   -0.0504846848623534   0
0.828759236257093   0.817964896240206   0.168746503740545   0.0879906935581861   0
0.754363812596873   0.835101413548079   -0.0743954236602199   0.0171365173078736   0
0.757761645702948   0.818596220105493   0.00339783310607489   -0.0165051934425865   0
0.85001633090423   0.841360444941108   0.0922546852012824   0.0227642248356158   0
0.882072770266541   0.888521841109857   0.0320564393623106   0.0471613961687485   0
0.742788321925358   0.88754942923324   -0.139284448341183   -0.000972411876617008   0
0.850804073007035   0.87760958026904   0.108015751081676   -0.0099398489642003   0
0.789516357834649   0.888645792014175   -0.0612877151723855   0.0110362117451354   0
0.701940119083736   0.872894096772913   -0.0875762387509129   -0.0157516952412619   0
0.861128710101812   0.890706178424457   0.159188591018075   0.0178120816515436   0
0.692205386974971   0.892839406053099   -0.16892332312684   0.0021332276286421   0
0.84106619631661   0.875237254326505   0.148860809341638   -0.0176021517265934   0
0.750074950330859   0.875977116874208   -0.0909912459857511   0.000739862547702419   0
0.755962269596367   0.841665204873351   0.00588731926550823   -0.0343119120008568   0
0.851209854776717   0.878136538281491   0.0952475851803503   0.0364713334081399   0
0.729215717988168   0.864214654367334   -0.121994136788549   -0.0139218839141573   0
0.882007991137269   0.869658139379204   0.1527922731491   0.00544348501187075   0
0.889785004406171   0.914778954751502   0.00777701326890257   0.0451208153722974   0
0.843908387642284   0.884233358642955   -0.0458766167638869   -0.0305455961085471   0
0.93148328248391   0.913503609312109   0.0875748948416258   0.0292702506691542   0
0.814756984987548   0.934217934139165   -0.116726297496362   0.0207143248270566   0
0.838022273005915   0.894802792942808   0.0232652880183666   -0.0394151411963574   0
0.925493196888151   0.920063265379751   0.0874709238822362   0.025260472436943   0
0.884711834263564   0.932034737537314   -0.040781362624587   0.011971472157563   0
0.915113932925294   0.915596211259636   0.0304020986617302   -0.0164385262776779   0
0.907785145201446   0.915431147898355   -0.00732878772384837   -0.000165063361280859   0
0.833972535736639   0.932316477857305   -0.0738126094648066   0.0168853299589494   0
0.869566040985962   0.948823797156906   0.0355935052493229   0.0165073192996016   0
0.979889540554082   0.960550933434037   0.11032349956812   0.011727136277131   0
0.954112281482997   1.00586990026792   -0.0257772590710847   0.0453189668338851   0
0.913834777791369   0.967330918261688   -0.0402775036916286   -0.0385389820062346   0
0.996426825195026   1.0192929291401   0.0825920474036579   0.0519620108784099   0
0.883699604504268   1.05893200159937   -0.112727220690758   0.0396390724592732   0
0.945431649263446   1.00358345897738   0.0617320447591783   -0.0553485426219922   0
1.00989570720595   1.03007665112093   0.0644640579425009   0.0264931921435465   0
0.947863002125961   1.06711904933529   -0.0620327050799859   0.0370423982143633   0
0.935038019186391   1.0220607317162   -0.0128249829395699   -0.0450583176190904   0
1.05665217101622   1.06179260678875   0.121614151829828   0.0397318750725524   0
1.06073345900433   1.08933455939945   0.00408128798811003   0.0275419526107026   0
0.980565158265375   1.07747014063964   -0.0801683007389545   -0.0118644187598156   0
1.08421896809178   1.07413396823837   0.103653809826403   -0.00333617240127104   0
1.10150830069991   1.09606193377815   0.0172893326081349   0.0219279655397846   0
1.05137619686545   1.12241803931211   -0.0501321038344664   0.0263561055339629   0
1.04646604797528   1.0988632669724   -0.00491014889016705   -0.0235547723397167   0
1.04909227428334   1.07351767187003   0.00262622630806497   -0.0253455951023671   0
0.979976932588211   1.08958190929228   -0.069115341695133   0.0160642374222453   0
0.919887166181266   1.09598186021348   -0.0600897664069454   0.00639995092120449   0
1.00574092992538   1.08716217385494   0.0858537637441099   -0.00881968635853947   0
1.09044682119176   1.1082061067694   0.0847058912663821   0.0210439329144638   0
0.969493335494623   1.0597166726957   -0.120953485697135   -0.0484894340737021   0
1.04015224196365   0.993692837415064   0.070658906469023   -0.0660238352806385   0
1.09652825484318   1.04832422683932   0.0563760128795383   0.0546313894242526   0
0.972192348751876   1.05554792454346   -0.124335906091308   0.00722369770414089   0
1.08750243396762   1.04880938839476   0.11531008521574   -0.00673853614869246   0
1.14995103730148   1.10273071828813   0.0624486033338678   0.053921329893363   0
0.989956181820534   1.11998134074301   -0.15999485548095   0.0172506224548781   0
1.0915653463636   1.09524042492973   0.101609164543068   -0.0247409158132783   0
1.06503868881928   1.11713624512199   -0.0265266575443224   0.0218958201922588   0
0.996678320707218   1.14478186743065   -0.0683603681120616   0.027645622308661   0
1.13286505559455   1.14654424376046   0.136186734887335   0.00176237632981491   0
1.1316632038035   1.16113894484209   -0.00120185179104992   0.0145947010816272   0
1.08592424351759   1.15339881115814   -0.0457389602859182   -0.00774013368395376   0
1.09038104609693   1.18787092031963   0.00445680257934677   0.0344721091614926   0
1.16990271795505   1.20999671338696   0.0795216718581164   0.0221257930673342   0
1.10450078308132   1.13773366628849   -0.0654019348737283   -0.0722630470984718   0
1.2952308753151   1.06343564967009   0.190730092233777   -0.0742980166183989   0
1.00946879382195   1.09953000920848   -0.285762081493147   0.0360943595383885   0
0.952317354900293   1.15259482766061   -0.0571514389216581   0.0530648184521336   0
1.13426842451655   1.17468019811777   0.181951069616255   0.0220853704571549   0
1.10434435142921   1.20610663253711   -0.0299240730873336   0.0314264344193385   0
1.15711426647081   1.19861659613281   0.0527699150416006   -0.00749003640429846   0
1.27354947886149   1.25179169062788   0.116435212390671   0.0531750944950691   0
1.1568126993563   1.27075113667075   -0.116736779505189   0.018959446042871   0
1.14635124177437   1.285967835805   -0.010461457581926   0.0152166991342531   0
1.21573719146954   1.30568997087747   0.0693859496951679   0.019722135072465   0
1.11970769996559   1.32058893072371   -0.0960294915039441   0.0148989598462463   0
1.1597175205967   1.30283339892329   0.0400098206311075   -0.0177555318004279   0
1.24239414118941   1.34773474406131   0.0826766205927043   0.0449013451380231   0
1.089060470979   1.33484763801904   -0.153333670210406   -0.0128871060422719   0
1.11917116787458   1.32721218854598   0.0301106968955842   -0.00763544947306016   0
1.10710590952909   1.29564609019979   -0.0120652583454908   -0.0315660983461872   0
0.99757295890859   1.30477629280846   -0.109532950620503   0.00913020260867548   0
1.09203423437693   1.29106659674279   0.0944612754683408   -0.0137096960656782   0
1.11922746927454   1.2699500708394   0.0271932348976081   -0.0211165259033852   0
0.938495028056921   1.280687998265   -0.180732441217619   0.0107379274255939   0
1.04942963551192   1.25126630503862   0.110934607455003   -0.0294216932263753   0
1.01478478551612   1.3001392104021   -0.0346448499958032   0.0488729053634818   0
0.861115973477005   1.3144304906023   -0.153668812039116   0.0142912802001973   0
