0.164491661044717   0.172153348769614   0   0   0
0.132931204252914   0.170610494473113   -0.0315604567918026   -0.00154285429650172   0
0.156237276136427   0.158656473401938   0.0233060718835123   -0.0119540210711742   0
0.166045809205924   0.144156624634363   0.00980853306949711   -0.0144998487675759   0
0.164301835538986   0.138362558513069   -0.00174397366693765   -0.00579406612129335   0
0.178676229067999   0.138043778795207   0.0143743935290128   -0.000318779717862372   0
0.16460181459583   0.121923258068723   -0.0140744144721688   -0.0161205207264835   0
0.144600670285998   0.117542328280932   -0.0200011443098317   -0.00438092978779081   0
0.117689253497038   0.102886715768035   -0.0269114167889606   -0.0146556125128971   0
0.132095777878174   0.102690056319052   0.0144065243811368   -0.000196659448983713   0
0.129867862237045   0.0921232520380306   -0.00222791564112984   -0.0105668042810211   0
0.108386629726457   0.0531064351225678   -0.021481232510588   -0.0390168169154628   0
0.117462278121489   0.0354496999274324   0.00907564839503226   -0.0176567351951354   0
0.112027897794433   0.0508967238419635   -0.00543438032705552   0.0154470239145311   0
0.0937254338846185   0.0476153038186527   -0.0183024639098148   -0.00328142002331086   0
0.0918339139672267   0.0520380159072202   -0.00189151991739181   0.00442271208856749   0
0.0905199679220557   0.0639554289220438   -0.00131394604517099   0.0119174130148237   0
0.0824672349226649   0.0439158155338438   -0.00805273299939085   -0.0200396133882   0
0.0913656556019273   0.0369965933407402   0.00889842067926244   -0.00691922219310367   0
0.0886439958926153   0.0198010363464289   -0.00272165970931201   -0.0171955569943112   0
0.0740528967513088   0.0201428359815618   -0.0145910991413065   0.000341799635132835   0
0.0747078378992459   0.0278021929144555   0.000654941147937099   0.00765935693289373   0
0.0714732903978122   0.0312099407415346   -0.00323454750143365   0.00340774782707907   0
0.0812777318633462   0.0314897738716889   0.00980444146553394   0.000279833130154308   0
0.0756362615602464   0.0314815971228446   -0.00564147030309982   -8.17674884424913e-06   0
0.0630712817385766   0.0561888251128514   -0.0125649798216698   0.0247072279900068   0
0.0782549649887469   0.0517071240226393   0.0151836832501703   -0.00448170109021211   0
0.0921048758862418   0.0420755320927151   0.0138499108974949   -0.00963159192992416   0
0.0918175696712781   0.0367476720049379   -0.000287306214963701   -0.00532786008777717   0
0.108159136315847   0.0430284176555448   0.0163415666445691   0.00628074565060686   0
0.103710697046496   0.0474611750494022   -0.00444843926935148   0.00443275739385741   0
0.0997900782866714   0.0429545834384702   -0.00392061875982429   -0.004506591610932   0
0.0981163040195155   0.0430284176555448   -0.00167377426715584   7.38342170745893e-05   0
0.105698004964758   0.0381228144043121   0.00758170094524246   -0.00490560325123273   0
0.105698816525068   0.0402682607215658   8.11560310079451e-07   0.00214544631725373   0
0.117813278632971   0.0421048533375014   0.0121144621079027   0.00183659261593556   0
0.10061702182618   0.0377490083903207   -0.0171962568067906   -0.0043558449471807   0
0.113097705343433   0.0415275248163492   0.0124806835172529   0.00377851642602855   0
0.118891280927829   0.056966409125927   0.00579357558439615   0.0154388843095778   0
0.112398341834967   0.0501812110986522   -0.0064929390928626   -0.00678519802727477   0
0.113431534335387   0.0406848435677526   0.00103319250042007   -0.00949636753089965   0
0.121633833921652   0.0617613984602235   0.00820229958626527   0.0210765548924709   0
0.146999273156877   0.0575626329626043   0.0253654392352246   -0.00419876549761921   0
0.140379573667112   0.0618612086250139   -0.00661969948976496   0.00429857566240964   0
0.167691525366967   0.0657747011969838   0.027311951699855   0.00391349257196984   0
0.169743763812459   0.0637978827102632   0.00205223844549282   -0.00197681848672059   0
0.169437997453346   0.0581775633433972   -0.000305766359113641   -0.00562031936686595   0
0.16722750451998   0.0654057051265599   -0.00221049293336556   0.00722814178316262   0
0.163642381880917   0.069256708445861   -0.00358512263906277   0.00385100331930117   0
0.156327237741554   0.0677448120273612   -0.00731514413936327   -0.00151189641849986   0
0.165640818762315   0.0577563734182428   0.0093135810207606   -0.00998843860911842   0
0.162727104002529   0.0605707685682004   -0.00291371475978544   0.00281439514995768   0
0.178078113169249   0.0752163852203428   0.0153510091667201   0.0146456166521423   0
0.170608038796183   0.0649446448648   -0.0074700743730661   -0.0102717403555427   0
0.178688600973117   0.0737022689633942   0.00808056217693412   0.00875762409859417   0
0.187094141237346   0.0790946907350614   0.00840554026422863   0.00539242177166714   0
0.196362386971894   0.0873211104229813   0.00926824573454829   0.00822641968791998   0
0.222273634408132   0.0974304408596846   0.0259112474362378   0.0101093304367033   0
0.210499861040928   0.0879725325450649   -0.0117737733672042   -0.00945790831461972   0
0.217675455832783   0.0953785897740159   0.00717559479185531   0.00740605722895096   0
0.209832378135716   0.0863714549927231   -0.00784307769706755   -0.00900713478129271   0
0.195661178812507   0.0872905834461828   -0.0141711993232083   0.000919128453459636   0
0.197568903126504   0.0877750083268581   0.0019077243139968   0.00048442488067528   0
0.203064209148461   0.0919188795854258   0.005495306021957   0.00414387125856772   0
0.177996963448818   0.0956827433793707   -0.0250672456996428   0.00376386379394489   0
0.183531822972312   0.0852534794879511   0.00553485952349339   -0.0104292638914196   0
0.188173915089313   0.0680627025417923   0.00464209211700123   -0.0171907769461588   0
0.185777568614943   0.0729313528729243   -0.00239634647436965   0.00486865033113199   0
0.188197999727973   0.0782992266625284   0.00242043111302928   0.00536787378960413   0
0.194679423277962   0.0839883265046548   0.00648142354998965   0.0056890998421264   0
0.180940663548054   0.077655348526003   -0.0137387597299085   -0.00633297797865177   0
0.173294516448184   0.058861734710315   -0.00764614709986955   -0.0187936138156881   0
0.171005172327331   0.0563148363727979   -0.00228934412085371   -0.0025468983375171   0
0.176750600605288   0.0591598956426353   0.00574542827795743   0.00284505926983742   0
0.174029660165645   0.0567749057660821   -0.00272094043964261   -0.00238498987655324   0
0.169952077788799   0.059419998524676   -0.00407758237684627   0.00264509275859395   0
0.162214781144506   0.0560890096739771   -0.00773729664429301   -0.00333098885069889   0
0.153696813864764   0.0419876835096615   -0.00851796727974177   -0.0141013261643156   0
0.14735621158336   0.0382346965321748   -0.00634060228140412   -0.0037529869774867   0
0.14348312506971   0.0427415290438936   -0.00387308651365029   0.00450683251171879   0
0.144244682777876   0.0391899425244858   0.000761557708165883   -0.0035515865194078   0
0.117757190370737   0.0381498428045909   -0.0264874924071387   -0.00104009971989485   0
0.110203412726921   0.0640639686531751   -0.00755377764381646   0.0259141258485842   0
0.10561863465286   0.0831448669357435   -0.00458477807406019   0.0190808982825685   0
0.107050004224669   0.0776887221076682   0.00143136957180838   -0.00545614482807533   0
0.11826330283689   0.0702908629403211   0.0112132986122214   -0.00739785916734717   0
0.110092177597003   0.0714597659498861   -0.00817112523988742   0.00116890300956504   0
0.096083579498624   0.0852533123495504   -0.0140085980983788   0.0137935463996643   0
0.10655028365035   0.0721855146133255   0.0104667041517258   -0.0130677977362249   0
0.105462974477491   0.0683279723071013   -0.00108730917285842   -0.00385754230622418   0
0.0972318724300916   0.0760407046291656   -0.00823110204739982   0.00771273232206426   0
0.0982848209864067   0.0476585508689679   0.00105294855631509   -0.0283821537601977   0
0.215242407508604   0.0574731372382785   0.116957586522197   0.00981458636931064   0
0.252222480275332   0.0674684422560096   0.0369800727667274   0.00999530501773106   0
0.266437319593953   0.0840897842051726   0.014214839318621   0.016621341949163   0
0.275494796023627   0.0864703645840007   0.00905747642967475   0.00238058037882806   0
0.27455063256283   0.0801668647400533   -0.000944163460797398   -0.00630349984394739   0
0.257611246024334   0.0881248051014015   -0.0169393865384957   0.0079579403613482   0
0.291145809456379   0.0935434133509142   0.0335345634320446   0.00541860824951274   0
0.281357517523968   0.0778723037711613   -0.00978829193241071   -0.0156711095797529   0
0.286145490944747   0.0757085744549453   0.00478797342077847   -0.002163729316216   0
0.285499557861234   0.0948788126060819   -0.000645933083512684   0.0191702381511366   0
0.283845522537682   0.0905022591881551   -0.00165403532355135   -0.0043765534179268   0
0.321093110544294   0.11215163503204   0.0372475880066112   0.0216493758438853   0
0.332571700171661   0.107185781758683   0.0114785896273669   -0.00496585327335754   0
0.34003177599548   0.130590385707984   0.00746007582381902   0.023404603949301   0
0.397115670300456   0.171129237067406   0.057083894304976   0.0405388513594223   0
0.410651756878696   0.14646583734117   0.0135360865782409   -0.0246633997262364   0
0.420188446248537   0.125258320056194   0.00953668936984098   -0.0212075172849755   0
0.471349132062152   0.143519563079881   0.051160685813615   0.018261243023687   0
0.507655449661589   0.167488806764184   0.0363063175994368   0.0239692436843023   0
0.512850658815883   0.182580560767049   0.00519520915429339   0.0150917540028653   0
0.553012934422478   0.160175584116314   0.0401622756065954   -0.0224049766507345   0
0.700080971701424   0.263448608954934   0.147068037278946   0.10327302483862   0
0.93890407452694   0.471716742995995   0.238823102825516   0.208268134041061   0
0.786876495496086   0.400058870648152   -0.152027579030854   -0.0716578723478432   0
1.1559972980716   0.428491345806803   0.369120802575514   0.0284324751586506   1
1.44486648608791   0.636013626491799   0.288869188016305   0.207522280684996   1
1.40233994380474   0.655186624499844   -0.042526542283162   0.0191729980080451   1
1.41832748139954   0.585885261047298   0.015987537594796   -0.0693013634525468   0
1.41378078081541   0.515107268494835   -0.00454670058412576   -0.0707779925524625   0
1.43430251625346   0.514020744219005   0.0205217354380478   -0.00108652427582978   0
1.43448236287188   0.485002334202685   0.000179846618417967   -0.0290184100163207   0
1.36231337389633   0.520675636676382   -0.0721689889755461   0.0356733024736978   0
1.49661212073202   0.5037091701569   0.134298746835689   -0.0169664665194826   0
1.48470633857385   0.544551111517663   -0.0119057821581743   0.0408419413607636   0
1.4881062170803   0.578992761764836   0.00339987850645218   0.0344416502471732   0
1.50297434697818   0.597571972703172   0.0148681298978812   0.018579210938335   0
1.52059843718632   0.603385563437072   0.0176240902081384   0.00581359073390009   0
1.53269873466747   0.597388831348068   0.0121002974811464   -0.00599673208900386   0
1.52189525243431   0.657275249360951   -0.0108034822331569   0.059886418012883   0
1.55696154980295   0.700371855619729   0.0350662973686429   0.0430966062587782   0
1.53801197113449   0.750447136311606   -0.0189495786684615   0.0500752806918771   0
1.49755515890344   0.741031003082361   -0.0404568122310509   -0.00941613322924495   0
1.61654260858837   0.845571137003564   0.11898744968493   0.104540133921203   0
1.63820649395118   0.951264552336783   0.0216638853628084   0.105693415333219   0
1.58802423554554   0.934220395047255   -0.0501822584056335   -0.0170441572895275   0
1.63969685766503   0.991277543085185   0.0516726221194816   0.0570571480379292   0
1.61923324141305   0.999704391910429   -0.02046361625198   0.00842684882524403   0
1.62910602295321   0.982869980615061   0.00987278154015958   -0.0168344112953678   0
1.59572828843893   1.03156027889237   -0.0333777345142714   0.0486902982773071   0
1.68206847943064   1.04561974162288   0.0863401909917014   0.0140594627305128   0
1.72151452384232   1.08403491481467   0.0394460444116818   0.0384151731917899   0
1.64687118960867   1.04377499172475   -0.0746433342336428   -0.0402599230899217   0
1.60132807255698   1.00839814612136   -0.0455431170516984   -0.0353768456033872   0
1.52753399453925   0.948282878919181   -0.0737940780177251   -0.0601152672021809   0
1.49626405272127   0.931828099678396   -0.0312699418179774   -0.0164547792407852   0
1.56962156973096   0.934088249364721   0.0733575170096887   0.00226014968632571   0
1.56307428229073   0.945076776972776   -0.00654728744022925   0.0109885276080546   0
1.51568880033888   0.914331532840249   -0.0473854819518567   -0.030745244132527   0
1.41616991348137   0.836546890672603   -0.099518886857503   -0.0777846421676461   0
1.48446384155763   0.915311796163608   0.0682939280762578   0.078764905491005   0
1.43385076576659   0.904946752494311   -0.0506130757910461   -0.0103650436692967   0
1.45872880962997   0.93144192902094   0.0248780438633807   0.0264951765266288   0
1.47372815424506   0.953887761794463   0.0149993446150971   0.0224458327735227   0
1.4412562963647   0.939710141559885   -0.032471857880364   -0.0141776202345775   0
1.48874597295458   0.935634061885976   0.04748967658988   -0.00407607967390944   0
1.47528862657695   0.935160763307171   -0.0134573463776249   -0.000473298578805292   0
1.47626305960466   0.934116140129534   0.0009744330277075   -0.00104462317763632   0
1.45775465167541   0.940297566346952   -0.0185084079292492   0.00618142621741746   0
1.51126229459903   0.946119836715466   0.0535076429236179   0.00582227036851435   0
1.44045361980392   0.913189940409579   -0.0708086747951122   -0.0329298963058875   0
1.44020266343874   0.918164040272761   -0.000250956365178245   0.0049740998631822   0
1.37692813445939   0.898521483993149   -0.0632745289793519   -0.0196425562796122   0
1.40615165766409   0.912491056704119   0.0292235232047009   0.0139695727109707   0
1.42478144256183   0.908832408586561   0.0186297848977379   -0.00365864811755801   0
1.40492708969363   0.887053470243621   -0.0198543528681978   -0.0217789383429405   0
1.39671133242572   0.862833127520177   -0.00821575726790513   -0.0242203427234436   0
1.4278357895616   0.858404749447194   0.0311244571358771   -0.00442837807298313   0
1.41000346375213   0.843171777387325   -0.0178323258094721   -0.0152329720598694   0
1.43306458285653   0.880365320099275   0.0230611191044012   0.037193542711951   0
1.44562655318876   0.887655452164577   0.0125619703322284   0.00729013206530194   0
1.43642305950893   0.880577642672127   -0.00920349367982665   -0.00707780949245052   0
1.17266201469637   0.678219221342369   -0.263761044812557   -0.202358421329757   0
1.33232647515973   0.764796671177542   0.159664460463359   0.0865774498351729   0
1.32755172645803   0.794000663419905   -0.0047747487017058   0.0292039922423631   0
1.32803906106772   0.783609632706235   0.000487334609695633   -0.0103910307136709   0
1.37102866186117   0.790471032018884   0.04298960079345   0.00686139931264951   0
1.38007197814471   0.810926741554069   0.00904331628353572   0.0204557095351851   0
1.37976343984062   0.821237831966782   -0.000308538304092831   0.0103110904127125   0
1.34007706147602   0.754028565632132   -0.039686378364594   -0.06720926633465   0
1.43721851265177   0.777019428199514   0.0971414511757456   0.0229908625673824   0
1.32036086759213   0.717786140685546   -0.116857645059639   -0.0592332875139683   0
1.457656433948   0.809340291971955   0.137295566355871   0.0915541512864095   0
1.43074042642336   0.787344597835821   -0.0269160075246444   -0.0219956941361348   0
