0.483607795489279   0.172553523248991   0   0   0
0.406744905429681   0.158152340286984   -0.0768628900595978   -0.0144011829620068   0
0.335532038795105   0.126116229432427   -0.0712128666345755   -0.0320361108545573   0
0.468779167520273   0.139062758854015   0.133247128725168   0.0129465294215885   0
0.410499110091605   0.139684866297176   -0.0582800574286674   0.000622107443160963   0
0.399937541548677   0.103578327979469   -0.0105615685429281   -0.036106538317707   0
0.447252870507278   0.128177670712853   0.0473153289586007   0.0245993427333835   0
0.403872423444582   0.139586378725908   -0.0433804470626957   0.0114087080130549   0
0.265998846155279   0.137135666390704   -0.137873577289303   -0.00245071233520344   0
0.376578867981197   0.118353565626695   0.110580021825918   -0.0187821007640087   0
0.247519403178822   0.116592570497652   -0.129059464802376   -0.00176099512904325   0
0.206130435843424   0.0718472374547901   -0.0413889673353973   -0.044745333042862   0
0.257173683297883   0.0667559630717174   0.0510432474544592   -0.00509127438307272   0
0.186122887441174   0.0516392195528219   -0.0710507958567091   -0.0151167435188956   0
0.283072185173676   0.0525418069213698   0.096949297732502   0.000902587368547897   1
0.184366019929623   0.040593949801584   -0.0987061652440536   -0.0119478571197857   1
0.246801652123157   0.0453925541286784   0.0624356321935348   0.00479860432709437   0
0.161238334746331   0.0486972192925838   -0.0855633173768261   0.00330466516390542   0
0.159170981366956   0.0358564205375843   -0.00206735337937489   -0.0128407987549995   0
0.238127384719377   0.0433986413883257   0.0789564033524202   0.0075422208507414   0
0.153472417778049   0.0427951165710867   -0.0846549669413277   -0.000603524817239041   0
0.167471461041576   0.0344416863624228   0.0139990432635267   -0.00835343020866392   0
0.231177454585455   0.0451750480152141   0.0637059935438791   0.0107333616527913   0
0.177712441236988   0.0455510275868997   -0.0534650133484665   0.000375979571685628   0
0.317206787738154   0.0824757419999056   0.139494346501166   0.0369247144130059   0
0.153702699737025   0.0515109499878909   -0.163504088001129   -0.0309647920120147   0
0.340326780123461   0.0982175421580203   0.186624080386436   0.0467065921701294   0
0.0865579344519003   0.163073544473805   -0.253768845671561   0.0648560023157845   0
0.36216444599531   0.117026987291394   0.27560651154341   -0.0460465571824113   0
0.157675220857813   0.144924547525506   -0.204489225137498   0.0278975602341119   1
0.307641662489917   0.138789763200497   0.149966441632104   -0.00613478432500864   0
0.325394188042457   0.138994744067896   0.0177525255525403   0.000204980867399451   0
0.277259439244708   0.123738505626785   -0.0481347487977491   -0.015256238441111   0
0.489044783457139   0.129760264118499   0.211785344212431   0.00602175849171316   0
0.289223883750219   0.133695922213432   -0.19982089970692   0.00393565809493324   0
0.442840331580458   0.12474944465207   0.153616447830239   -0.00894647756136127   0
0.393176282499199   0.141799021207835   -0.049664049081259   0.0170495765557644   0
0.288942439612269   0.141483485997483   -0.10423384288693   -0.000315535210351742   0
0.45311327055275   0.149524682267678   0.164170830940481   0.0080411962701947   0
0.30441551912805   0.141720709971232   -0.148697751424701   -0.007803972296446   0
0.301317199368041   0.155905314041889   -0.00309831976000829   0.0141846040706571   0
0.407393497406377   0.197695835308941   0.106076298038336   0.0417905212670523   0
0.317042033498715   0.209257862546429   -0.0903514639076629   0.0115620272374874   0
0.448096773488719   0.21411308471051   0.131054739990004   0.00485522216408138   0
0.315994260561802   0.220769725832144   -0.132102512926917   0.006656641121634   0
0.450190183262585   0.25003345332625   0.134195922700783   0.029263727494106   0
0.454871718558101   0.253199950357914   0.00468153529551563   0.00316649703166383   0
0.374696501196635   0.246147093448714   -0.0801752173614657   -0.00705285690919963   0
0.490009729520752   0.300186909720427   0.115313228324116   0.0540398162717132   0
0.489831917495175   0.310073404032819   -0.000177812025576485   0.00988649431239197   0
0.433876979100067   0.304600399177348   -0.055954938395108   -0.00547300485547086   0
0.55778847500912   0.390465024575185   0.123911495909053   0.0858646253978368   0
0.5035291420345   0.431669341469544   -0.05425933297462   0.041204316894359   0
0.50147464062403   0.451591278069285   -0.00205450141047037   0.0199219365997405   0
0.521673175517009   0.5055752373537   0.020198534892979   0.0539839592844152   0
0.40765643179766   0.48771177680419   -0.114016743719349   -0.01786346054951   0
0.547471538987188   0.503657924346972   0.139815107189528   0.015946147542782   0
0.394991563774468   0.528622171981085   -0.152479975212719   0.0249642476341132   0
0.540855158939988   0.553846431960611   0.14586359516552   0.0252242599795262   0
0.491293270747728   0.573654491750915   -0.0495618881922607   0.0198080597903033   0
0.387892805648674   0.571410103573607   -0.103400465099054   -0.00224438817730765   0
0.459460887978509   0.578038922658544   0.0715680823298349   0.00662881908493695   0
0.47990746889166   0.595711889702774   0.0204465809131515   0.01767296704423   0
0.353224058298695   0.618632085461343   -0.126683410592965   0.0229201957585689   0
0.554137415250044   0.624745409944123   0.200913356951349   0.00611332448278001   0
0.506478538286668   0.640818600367725   -0.047658876963376   0.0160731904236022   0
0.506774380177215   0.66424920298729   0.000295841890546322   0.0234306026195651   0
0.644849168665821   0.691834009821901   0.138074788488606   0.0275848068346107   0
0.484006914259497   0.681281493201599   -0.160842254406324   -0.0105525166203021   0
0.625055366496441   0.694559910612828   0.141048452236944   0.0132784174112297   0
0.591993069757577   0.686382418755208   -0.0330622967388634   -0.00817749185762029   0
0.573506569005971   0.719403244689131   -0.018486500751607   0.0330208259339231   0
0.77415636364303   0.756507882121032   0.20064979463706   0.0371046374319013   0
0.769860434319104   0.764976941664257   -0.00429592932392608   0.00846905954322452   0
0.751682897305772   0.784868134665308   -0.0181775370133322   0.019891193001051   0
0.999676926433235   0.842278013600616   0.247994029127463   0.0574098789353081   0
0.890365884398656   0.85893248951722   -0.10931104203458   0.0166544759166042   0
0.756581322283996   0.89425509349472   -0.133784562114659   0.0353226039774995   0
0.914036510636747   0.921461810048713   0.157455188352751   0.0272067165539929   0
0.823827280990378   0.927676219581083   -0.0902092296463686   0.00621440953237007   0
0.765316815626052   0.923545913141437   -0.0585104653643268   -0.00413030643964629   0
0.901213910325956   0.968747175482979   0.135897094699904   0.0452012623415428   0
0.805061630692955   0.966689812918808   -0.0961522796330008   -0.00205736256417122   0
0.784110886866137   0.9703890529584   -0.0209507438268182   0.00369924003959177   0
0.889932492452096   0.981019795049724   0.105821605585959   0.0106307420913242   0
0.736974312682606   1.00872025211949   -0.15295817976949   0.0277004570697673   0
0.903492785727147   1.08668806716049   0.166518473044541   0.0779678150409979   0
0.864661330624309   1.07796174699759   -0.0388314551028384   -0.0087263201629022   0
0.785604045619675   1.10585216865825   -0.0790572850046338   0.0278904216606652   0
1.03652818687964   1.10691568224276   0.250924141259968   0.00106351358450651   0
0.952205838890416   1.12011369333897   -0.0843223479892274   0.0131980110962067   0
0.854149127334331   1.14635639312003   -0.0980567115560842   0.0262426997810625   0
0.965830878038179   1.13758517689752   0.111681750703848   -0.00877121622250887   0
0.971768421113282   1.12064955415774   0.00593754307510241   -0.0169356227397799   0
0.866708034969678   1.15047409597437   -0.105060386143604   0.0298245418166347   0
0.945633877760838   1.1663415137269   0.0789258427911604   0.0158674177525244   0
0.938116528909922   1.1603123169163   -0.00751734885091648   -0.00602919681059833   0
0.840638866874474   1.17800969768718   -0.0974776620354476   0.0176973807708816   0
1.08462070164643   1.16987967206348   0.243981834771959   -0.00813002562370291   0
0.93375274723719   1.18661955618499   -0.150867954409242   0.0167398841215092   0
1.07591673453804   1.20818875312244   0.14216398730085   0.0215691969374547   0
0.977442159629408   1.22530105876712   -0.098474574908633   0.0171123056446725   0
1.09951300453246   1.23097638205536   0.122070844903054   0.00567532328824449   0
1.05145967421675   1.24629943152567   -0.0480533303157085   0.015323049470308   0
1.01033648308769   1.25995099765604   -0.0411231911290639   0.0136515661303687   0
1.10491264268312   1.25345059397893   0.0945761595954329   -0.00650040367710347   0
0.90206443284557   1.25910034256705   -0.202848209837552   0.00564974858812084   0
1.12826600291864   1.27151423217673   0.226201570073068   0.0124138896096735   0
1.04235438337113   1.29101816397739   -0.0859116195475125   0.0195039318006629   0
1.09189786155025   1.2770778371343   0.0495434781791202   -0.0139403268430947   0
1.07333260695229   1.28744688936385   -0.0185652545979555   0.0103690522295543   0
1.05595467094142   1.28268248505526   -0.0173779360108717   -0.00476440430859082   0
1.16408527241994   1.2905146925765   0.108130601478519   0.00783220752123759   0
0.99663497698656   1.31741273484583   -0.167450295433378   0.0268980422693346   0
1.14477735093816   1.28960762765071   0.148142373951604   -0.0278051071951173   0
1.10355774432061   1.30886073821787   -0.0412196066175505   0.0192531105671581   0
0.959927580911185   1.33342865240491   -0.143630163409428   0.0245679141870403   0
1.18112383985296   1.33781507010902   0.221196258941774   0.00438641770410775   0
1.03944102774809   1.33867823991116   -0.141682812104872   0.000863169802139518   0
1.15991175987917   1.33161841449194   0.120470732131086   -0.00705982541922179   0
1.06418695387841   1.32157676572223   -0.0957248060007672   -0.0100416487697039   0
1.06484093269605   1.33091427643751   0.000653978817647172   0.00933751071527333   0
1.12627762962868   1.33547360031125   0.0614366969326279   0.00455932387374691   0
0.959282518080049   1.35275855996505   -0.166995111548631   0.0172849596537912   0
1.1626348702585   1.35215211078801   0.203352352178451   -0.000606449177039226   0
0.980612917951829   1.36042405248154   -0.182021952306672   0.00827194169353662   0
1.08840184625027   1.36019842594508   0.107788928298443   -0.000225626536467516   0
1.03475313667077   1.36284348720567   -0.0536487095795004   0.00264506126059194   0
1.06632389914556   1.354602895424   0.0315707624747932   -0.00824059178166481   0
1.06831571033567   1.36035428261421   0.00199181119010228   0.00575138719020463   0
0.955162921180465   1.37588678038311   -0.113152789155201   0.0155324977689031   0
1.14308275116109   1.36065522324844   0.187919829980622   -0.0152315571346742   0
0.957719096477146   1.37995023333869   -0.185363654683942   0.0192950100902525   0
1.1692551182984   1.36466154704054   0.211536021821252   -0.0152886862981507   0
1.06958947556247   1.36846153056818   -0.0996656427359275   0.00379998352764033   0
1.02353087110697   1.39550373991724   -0.0460586044554967   0.027042209349061   0
1.19308731492502   1.36980985888015   0.169556443818049   -0.0256938810370912   0
1.12077791385537   1.3973632115904   -0.0723094010696506   0.0275533527102572   0
1.24441858959315   1.39974555443275   0.123640675737776   0.00238234284234662   0
1.17900590539742   1.41923841063729   -0.0654126841957241   0.0194928562045349   0
1.21404284410312   1.42448653031338   0.0350369387056988   0.0052481196760934   0
1.27753257942841   1.41804681821053   0.0634897353252846   -0.00643971210285255   0
1.2422302929276   1.41447377189796   -0.0353022865008037   -0.00357304631256428   0
1.31009799957751   1.40448396612003   0.0678677066499089   -0.00998980577793263   0
1.13539625080145   1.4017288264858   -0.174701748776058   -0.00275513963423291   0
1.37173615213823   1.40289446054336   0.236339901336776   0.00116563405756454   0
1.24094589072167   1.42456977780399   -0.130790261416561   0.021675317260625   0
1.28802690972316   1.42795876400458   0.0470810190014923   0.00338898620059758   0
1.37696931821374   1.42510348665772   0.0889424084905728   -0.00285527734686086   0
1.23228107113799   1.44604366359284   -0.144688247075742   0.0209401769351156   0
1.45595001204231   1.41777448100588   0.223668940904316   -0.0282691825869563   0
1.35746820629361   1.44943083894515   -0.0984818057486958   0.0316563579392704   0
1.39197838273193   1.42184335249439   0.0345101764383171   -0.0275874864507584   0
1.56364766131504   1.45588237699144   0.171669278583112   0.0340390244970468   0
1.4696356058959   1.51267395247993   -0.0940120554191453   0.0567915754884871   0
1.57854738234112   1.51942911938492   0.108911776445222   0.00675516690498812   0
1.48867405538284   1.52930449877918   -0.0898733269582761   0.00987537939426675   0
1.5661426164194   1.51912284523743   0.077468561036556   -0.0101816535417585   0
1.65012975012997   1.54108464871702   0.083987133710572   0.0219618034795912   0
1.51254395558245   1.46896012202008   -0.137585794547523   -0.0721245266969359   0
1.6701141565426   1.47560295833305   0.157570200960152   0.00664283631297002   0
1.56301130385868   1.48839802454703   -0.107102852683924   0.0127950662139793   0
1.56999386663292   1.50936233236763   0.00698256277424769   0.0209643078205997   0
1.63327238801248   1.55372704960846   0.0632785213795592   0.0443647172408275   0
1.55033701056125   1.56412028139894   -0.0829353774512311   0.0103932317904836   0
1.56664949201313   1.55524948209966   0.0163124814518785   -0.00887079929928358   0
1.75379419456104   1.56368674210318   0.187144702547907   0.00843726000352119   0
1.68926298891972   1.57976166050017   -0.0645312056413139   0.0160749183969906   0
1.82316678882899   1.62001309303042   0.133903799909263   0.0402514325302548   0
1.68392345346723   1.61168490280987   -0.139243335361758   -0.00832819022055609   0
1.68521415872761   1.61796050235914   0.00129070526037878   0.00627559954927581   0
1.79902882221186   1.60645405260818   0.113814663484254   -0.0115064497509618   0
1.68958947772085   1.5702692260111   -0.109439344491017   -0.0361848265970808   0
1.85305207124058   1.62294584885125   0.163462593519733   0.0526766228401478   0
1.64441726322488   1.59101682294908   -0.2086348080157   -0.0319290259021634   0
1.78338591219315   1.62107652368395   0.138968648968273   0.030059700734868   0
1.7399587243955   1.65159364028058   -0.043427187797656   0.0305171165966249   0
1.59544867607329   1.67323210548477   -0.14451004832221   0.021638465204193   0
1.71591494573129   1.71883290674516   0.120466269658   0.045600801260385   0
1.63180046678508   1.72142462731817   -0.0841144789462069   0.00259172057301393   0
1.58114433343259   1.72435830728368   -0.0506561333524853   0.00293367996551375   0
1.70987756651873   1.71617777035889   0.128733233086133   -0.0081805369247967   0
