0.146220418114298   0.0619783751208637   0   0   0
0.132093360709159   0.0436127177199782   -0.0141270574051385   -0.0183656574008855   0
0.121483772376643   0.0384878669724811   -0.010609588332516   -0.00512485074749711   0
0.122953162309881   0.0635762390199751   0.00146938993323827   0.025088372047494   0
0.124714093249841   0.0606298689461102   0.00176093093995959   -0.00294637007386485   0
0.110752696766174   0.0854321138944396   -0.0139613964836672   0.0248022449483294   0
0.133157362695196   0.0420111476374129   0.0224046659290225   -0.0434209662570267   0
0.116395111100123   0.0570397055487228   -0.016762251595073   0.01502855791131   0
0.112179113713605   0.0510282616415159   -0.00421599738651778   -0.00601144390720693   0
0.111629538358178   0.0460277569174569   -0.000549575355427045   -0.005000504724059   0
0.114581945971868   0.0499683321826184   0.00295240761368935   0.00394057526516153   0
0.13626151647248   0.0355608048188592   0.0216795705006126   -0.0144075273637592   0
0.0945269914495325   0.0491604604228083   -0.0417345250229477   0.0135996556039491   0
0.128670560589476   0.0185702540185238   0.0341435691399434   -0.0305902064042845   0
0.139197392836935   0.0388204597147239   0.010526832247459   0.0202502056962001   0
0.117189758391551   0.0403802524721246   -0.0220076344453844   0.00155979275740072   0
0.124553106846718   0.0480145687823238   0.00736334845516762   0.00763431631019917   0
0.135055273040337   0.0334698364329735   0.0105021661936189   -0.0145447323493503   0
0.132353213824259   0.0467787957133661   -0.00270205921607819   0.0133089592803926   0
0.102216005318296   0.0686328519358805   -0.0301372085059625   0.0218540562225144   0
0.10531287303217   0.0328263515728979   0.00309686771387377   -0.0358065003629826   0
0.137307598177741   0.0243272361353484   0.0319947251455709   -0.00849911543754956   0
0.131059893479127   0.0419775686183314   -0.00624770469861452   0.0176503324829831   0
0.119206704576924   0.0643662860597844   -0.0118531889022027   0.022388717441453   0
0.122367365269462   0.0469114465077554   0.00316066069253841   -0.017454839552029   0
0.118900577718403   0.0498938402800386   -0.00346678755105924   0.00298239377228314   0
0.117140879445691   0.0947831595531743   -0.00175969827271168   0.0448893192731357   0
0.158997174151775   0.0375636830043993   0.0418562947060841   -0.057219476548775   0
0.146175440382507   0.0363335831850163   -0.0128217337692679   -0.00123009981938303   0
0.152530261382645   0.0453772287462779   0.00635482100013787   0.00904364556126154   0
0.242162760535141   0.0188672687059336   0.0896324991524956   -0.0265099600403443   0
0.184822624876285   0.020487216147296   -0.0573401356588558   0.00161994744136241   0
0.18457145094009   0.0233597996084085   -0.000251173936195226   0.00287258346111249   0
0.152195372795627   0.0610782467593209   -0.0323760781444625   0.0377184471509125   0
0.149392126773435   0.0630655510178752   -0.00280324602219267   0.00198730425855429   0
0.150676272914119   0.0648918882611242   0.00128414614068403   0.00182633724324893   0
0.159286900909052   0.0599457434207592   0.00861062799493276   -0.00494614484036493   0
0.165023684149155   0.0557129237639033   0.00573678324010324   -0.00423281965685596   0
0.244907165598089   0.0541712172874581   0.0798834814489346   -0.00154170647644518   0
0.192888257877975   0.0536143535020576   -0.0520189077201149   -0.000556863785400465   0
0.227492002556771   0.0503410595346324   0.0346037446787967   -0.00327329396742528   0
0.220193072164635   0.0510433267241605   -0.00729893039213655   0.000702267189528157   0
0.241801530366807   0.0442273101002865   0.0216084582021725   -0.00681601662387407   0
0.208019903962794   0.0579749213629695   -0.0337816264040133   0.0137476112626831   0
0.188658942813215   0.0521020245976344   -0.0193609611495787   -0.00587289676533513   0
0.230504931263173   0.0527215148534495   0.0418459884499576   0.00061949025581514   0
0.283157478286271   0.072377020667647   0.0526525470230982   0.0196555058141975   0
0.245040240291263   0.0803204919051483   -0.0381172379950078   0.00794347123750135   0
0.263198381230128   0.0793492188709032   0.0181581409388653   -0.000971273034245143   0
0.269321797909118   0.0848217340506105   0.00612341667898997   0.00547251517970732   0
0.240233775134888   0.0829892337883204   -0.0290880227742302   -0.00183250026229011   0
0.233436702324977   0.0866243401158127   -0.00679707280991099   0.00363510632749231   0
0.248402406543677   0.0890437510726519   0.0149657042186995   0.00241941095683922   0
0.274717044939407   0.105751078743682   0.02631463839573   0.0167073276710304   0
0.22554027811759   0.0966001975202562   -0.0491767668218163   -0.00915088122342618   0
0.250347834313081   0.111499172011511   0.0248075561954909   0.0148989744912548   0
0.219819534460179   0.117515994315253   -0.0305282998529019   0.00601682230374179   0
0.223958438557247   0.119602071857723   0.00413890409706716   0.00208607754247055   0
0.249663940019379   0.132853388504961   0.0257055014621323   0.0132513166472373   0
0.286559054367507   0.123896093681359   0.0368951143481284   -0.00895729482360191   0
0.291177375829579   0.124704693073276   0.00461832146207192   0.000808599391917436   0
0.264618026834606   0.12498748620387   -0.0265593489949737   0.000282793130593512   0
0.229825358783664   0.12007603759077   -0.0347926680509413   -0.00491144861309968   0
0.255376475159714   0.125972805082575   0.0255511163760497   0.0058967674918053   0
0.246400531154054   0.135769790055115   -0.00897594400565982   0.00979698497253975   0
0.235990432929155   0.136678232992392   -0.0104100982248991   0.000908442937276682   0
0.227916223809561   0.128927574957454   -0.00807420911959381   -0.00775065803493738   0
0.255124446837225   0.146466041395813   0.0272082230276637   0.0175384664383587   0
0.264744928039235   0.162855226599589   0.00962048120201059   0.0163891852037761   0
0.264623698118007   0.183527886587434   -0.000121229921228705   0.0206726599878448   0
0.282817730618662   0.151078513616885   0.0181940325006551   -0.0324493729705492   0
0.27775607079731   0.148992927991029   -0.00506165982135237   -0.00208558562585556   0
0.272585555935178   0.147398573766582   -0.0051705148621316   -0.0015943542244472   0
0.268028685669202   0.146703306833929   -0.00455687026597568   -0.000695266932652677   0
0.273237928226958   0.152827017373573   0.00520924255775529   0.00612371053964414   0
0.316014031843524   0.156082793857139   0.0427761036165668   0.00325577648356512   0
0.424287650416554   0.200718869532114   0.10827361857303   0.0446360756749759   0
0.324301020692196   0.177131529896571   -0.0999866297243583   -0.023587339635543   0
0.294862239792161   0.19172145180313   -0.0294387809000346   0.0145899219065588   0
0.265592624653641   0.182213664290717   -0.0292696151385198   -0.0095077875124136   0
0.291352559559188   0.18384760737494   0.0257599349055463   0.0016339430842231   0
0.31254551968219   0.192353956184432   0.021192960123002   0.00850634880949253   0
0.317837442310138   0.202577784610758   0.00529192262794792   0.0102238284263253   0
0.31314759046943   0.208499915587159   -0.0046898518407073   0.00592213097640157   0
0.323075375342969   0.22075332664481   0.00992778487353829   0.0122534110576504   0
0.325242115213636   0.21776416917218   0.0021667398706674   -0.00298915747262923   0
0.303316430554363   0.217503175710724   -0.0219256846592725   -0.000260993461456582   0
0.323192715267532   0.233423174043945   0.0198762847131685   0.0159199983332216   0
0.347264100738904   0.214091334779108   0.0240713854713725   -0.0193318392648376   0
0.340126502257616   0.218607296789243   -0.00713759848128859   0.00451596201013485   0
0.319691195255812   0.255492431560604   -0.0204353070018034   0.0368851347713615   0
0.3001789362453   0.267949225687944   -0.0195122590105122   0.0124567941273404   0
0.283088542023233   0.282340404092737   -0.0170903942220668   0.0143911784047924   0
0.320639541329653   0.270141653142425   0.0375509993064192   -0.0121987509503115   0
0.335502504053561   0.26594953554481   0.0148629627239088   -0.00419211759761573   0
0.309334630441921   0.291267152883311   -0.0261678736116401   0.0253176173385011   0
0.320301780600249   0.31891732647243   0.0109671501583276   0.0276501735891191   0
0.320476995707898   0.31553153954082   0.000175215107649007   -0.00338578693161001   0
0.332432310691304   0.306580555293792   0.0119553149834066   -0.00895098424702762   0
0.413681450008337   0.303902683792855   0.0812491393170323   -0.00267787150093729   0
0.364869702355512   0.294208891526497   -0.0488117476528246   -0.00969379226635814   0
0.310782792300603   0.286586152072112   -0.0540869100549087   -0.00762273945438441   0
0.361368988831361   0.287631059867932   0.0505861965307571   0.00104490779581967   0
0.378672767763936   0.286759924733652   0.0173037789325757   -0.000871135134279721   0
0.334511769880658   0.293385473506699   -0.0441609978832786   0.00662554877304661   0
0.352460334666413   0.305952228373565   0.0179485647857556   0.0125667548668658   0
0.35698130381576   0.317747416934426   0.00452096914934691   0.0117951885608613   0
0.351078807023437   0.301690952041158   -0.00590249679232269   -0.0160564648932686   0
0.377714724269521   0.329544681408682   0.0266359172460832   0.0278537293675248   0
0.407025090447751   0.331929818116345   0.0293103661782305   0.00238513670766283   0
0.430614910602269   0.347169764575632   0.0235898201545177   0.0152399464592872   0
0.416129449439715   0.358532442090322   -0.0144854611625542   0.0113626775146895   0
0.40507609110635   0.360482431250612   -0.0110533583333646   0.00194998916029049   0
0.397890435020748   0.3555093703424   -0.00718565608560218   -0.00497306090821198   0
0.462958487666011   0.353923671521841   0.0650680526452631   -0.00158569882055937   0
0.488924696318359   0.356311153335466   0.0259662086523484   0.00238748181362503   0
0.443180069058842   0.359148334091918   -0.0457446272595174   0.00283718075645206   0
0.443987886907965   0.347235074820359   0.000807817849123094   -0.0119132592715596   0
0.442987677942626   0.357662751209883   -0.00100020896533876   0.0104276763895242   0
0.415146203312761   0.367957831309853   -0.0278414746298657   0.0102950800999699   0
0.372662809278039   0.374887692869264   -0.0424833940347217   0.00692986155941183   0
0.393447662751985   0.384695672078865   0.0207848534739464   0.00980797920960097   0
0.458790586543578   0.381451562038108   0.0653429237915922   -0.00324411004075753   0
0.490617480810662   0.37699463854051   0.0318268942670841   -0.00445692349759763   0
0.432828189323431   0.383667309345662   -0.0577892914872304   0.00667267080515183   0
0.431067153444797   0.371428208623484   -0.00176103587863441   -0.0122391007221786   0
0.39853553978535   0.371597782241865   -0.0325316136594472   0.000169573618381436   0
0.462213341867151   0.370096622186048   0.0636778020818016   -0.00150116005581674   0
0.467740614197655   0.369231477735813   0.00552727233050421   -0.000865144450234778   0
0.467999404736801   0.381365922440587   0.000258790539145459   0.0121344447047738   0
0.420916634721176   0.396878841125664   -0.0470827700156248   0.0155129186850767   0
0.443782630526477   0.372701912111073   0.0228659958053014   -0.0241769290145909   0
0.437431866957587   0.370761656712517   -0.00635076356889064   -0.00194025539855641   0
0.507451171346564   0.375339386964598   0.0700193043889773   0.00457773025208102   0
0.506483824536381   0.371757124544268   -0.000967346810182734   -0.0035822624203295   0
0.512856250865679   0.383813930725062   0.00637242632929735   0.0120568061807936   0
0.496550358137017   0.377337679819379   -0.0163058927286616   -0.00647625090568243   0
0.52018454851812   0.375434057362771   0.0236341903811025   -0.0019036224566083   0
0.511863876472056   0.37714899382378   -0.0083206720460639   0.0017149364610094   0
0.545925500182946   0.384127089698257   0.0340616237108904   0.00697809587447618   0
0.557691810996898   0.369547667300512   0.011766310813952   -0.0145794223977445   0
0.542294496984802   0.382288961861996   -0.0153973140120957   0.0127412945614837   0
0.557382813894544   0.376117645937358   0.0150883169097417   -0.00617131592463749   0
0.56486208239357   0.368232663885837   0.00747926849902558   -0.00788498205152105   0
0.568721508913633   0.368234550068146   0.00385942652006366   1.88618230884119e-06   0
0.581438577511847   0.373443119207735   0.0127170685982135   0.00520856913958884   0
0.592396589395989   0.375083406154634   0.010958011884142   0.00164028694689955   0
0.602030482419287   0.388622921207358   0.00963389302329842   0.0135395150527231   0
0.614903482924759   0.402693358320261   0.012873000505472   0.0140704371129033   0
0.516464842142231   0.381929454684569   -0.0984386407825281   -0.0207639036356916   0
0.531235354306356   0.39011100121872   0.0147705121641251   0.00818154653415115   0
0.556520608687585   0.396983909625075   0.0252852543812285   0.00687290840635491   0
0.57850564654202   0.388610194113398   0.0219850378544346   -0.00837371551167776   0
0.648080632339835   0.392588972013176   0.0695749857978152   0.00397877789977857   0
0.608409643224859   0.395337333541445   -0.0396709891149759   0.00274836152826913   0
0.595738022175855   0.396905236496333   -0.0126716210490034   0.00156790295488773   0
0.597009709385869   0.38039771342051   0.00127168721001392   -0.016507523075823   0
0.602765336072007   0.382415241767457   0.00575562668613805   0.00201752834694685   0
0.698475469748938   0.38024487594419   0.095710133676931   -0.0021703658232668   0
0.651886107752727   0.383435734279227   -0.0465893619962113   0.00319085833503691   0
0.660083585626093   0.414434700378117   0.00819747787336622   0.0309989660988904   0
0.627537383403571   0.416346964617553   -0.0325462022225226   0.00191226423943558   0
0.625667815696157   0.407402085704344   -0.00186956770741387   -0.00894487891320861   0
0.611746603679988   0.41501275987432   -0.013921212016169   0.00761067416997568   0
0.708671167392889   0.390925870491136   0.0969245637129011   -0.024086889383184   0
0.614168930319664   0.3882067894647   -0.0945022370732252   -0.00271908102643598   0
0.635567848485903   0.39424861889105   0.0213989181662395   0.0060418294263494   0
0.622781082561922   0.398667290296683   -0.0127867659239809   0.00441867140563384   0
0.640720020480084   0.427364715894106   0.0179389379181621   0.0286974255974227   0
0.667253084558625   0.434362782993088   0.0265330640785408   0.00699806709898143   0
0.662136020471625   0.436786502068802   -0.00511706408700052   0.00242371907571493   0
0.570129105331415   0.421428071032887   -0.0920069151402095   -0.0153584310359155   0
0.523645524729277   0.42473312624547   -0.0464835806021381   0.00330505521258273   0
0.58586830262355   0.432460186968118   0.0622227778942732   0.00772706072264884   0
0.596939730852286   0.440720858779681   0.011071428228736   0.00826067181156298   0
0.662812444503722   0.459913450567061   0.065872713651436   0.019192591787379   0
0.64992905571993   0.474822103732809   -0.0128833887837922   0.014908653165748   0
0.654156240976879   0.472009083724032   0.00422718525694843   -0.00281302000877681   0
0.651788769195205   0.486401696942455   -0.00236747178167374   0.0143926132184234   0
0.571545446131801   0.506410931430444   -0.0802433230634033   0.0200092344879891   0
0.637700133745478   0.502237947133876   0.0661546876136762   -0.00417298429656809   0
0.659579519033907   0.498971595880467   0.0218793852884293   -0.00326635125340918   0
0.701807459889107   0.491433005093014   0.0422279408551998   -0.00753859078745334   0
0.715918636230403   0.503908622108463   0.0141111763412962   0.0124756170154495   0
0.733857819186387   0.515522035871164   0.0179391829559842   0.0116134137627011   0
