0.104153783033071   0.153952738880314   0   0   0
0.173784823720945   0.120635664458204   0.0696310406878743   -0.0333170744221091   0
0.0707570998355642   0.147130098339871   -0.103027723885381   0.0264944338816662   0
0.142583523360345   0.0910343590770677   0.0718264235247806   -0.0560957392628029   0
0.153368053521195   0.0820368524881501   0.0107845301608497   -0.00899750658891761   0
0.0904849406404182   0.146154452647713   -0.0628831128807764   0.0641176001595626   0
0.220220649853755   0.0786250788084979   0.129735709213336   -0.0675293738392149   0
0.189398195957036   0.0815137406009104   -0.0308224538967181   0.00288866179241248   0
0.156581265996159   0.0969142237167486   -0.0328169299608772   0.0154004831158382   0
0.107195314039794   0.125039329488695   -0.0493859519563656   0.0281251057719467   0
0.144571237213216   0.0493152753149569   0.0373759231734224   -0.0757240541737384   0
0.120261808619403   0.0990289992884534   -0.0243094285938127   0.0497137239734964   0
0.0977808485840146   0.110247117532614   -0.0224809600353887   0.0112181182441606   0
0.19410151200238   0.0370818470527696   0.0963206634183652   -0.0731652704798443   0
0.197475895958317   0.0407919182335925   0.00337438395593706   0.00371007118082291   0
0.177990912495498   0.0521234987230234   -0.019484983462819   0.0113315804894309   0
0.180199998017481   0.0441824810245249   0.00220908552198265   -0.00794101769849855   0
0.176975489183813   0.0366469484752868   -0.00322450883366737   -0.00753553254923806   0
0.145688841840616   0.0494621714516508   -0.0312866473431973   0.012815222976364   0
0.167093346279767   0.036246678993642   0.0214045044391507   -0.0132154924580088   0
0.130468579429915   0.0773235754042873   -0.0366247668498518   0.0410768964106453   0
0.176163914616473   0.0439527517951496   0.0456953351865582   -0.0333708236091377   0
0.183409431185505   0.0460402084153895   0.00724551656903169   0.00208745662023989   0
0.194772084960961   0.0675428113233747   0.0113626537754567   0.0215026029079853   0
0.184238117901498   0.0531694011048413   -0.0105339670594631   -0.0143734102185334   0
0.241377556850493   0.0663807584481565   0.0571394389489945   0.0132113573433152   0
0.279571438003816   0.058695372688867   0.0381938811533233   -0.00768538575928945   0
0.217342382708389   0.062901579491973   -0.0622290552954267   0.00420620680310597   0
0.188103431966511   0.096907550827193   -0.029238950741878   0.03400597133522   0
0.185167271766692   0.0919941457005961   -0.00293616019981938   -0.00491340512659694   0
0.253854925863179   0.0856556938462645   0.0686876540964867   -0.00633845185433154   0
0.258213760498622   0.0942474908063074   0.00435883463544368   0.00859179696004286   0
0.264614035277817   0.0813321768340796   0.00640027477919491   -0.0129153139722278   0
0.220524444406964   0.0715175975789875   -0.0440895908708538   -0.00981457925509212   0
0.280897770141808   0.0845744317559687   0.0603733257348444   0.0130568341769812   0
0.294715743784159   0.108074465624772   0.0138179736423509   0.0235000338688032   0
0.292082231494643   0.0998366923277209   -0.00263351228951625   -0.00823777329705101   0
0.266498030036922   0.131670486825921   -0.0255842014577211   0.0318337944982   0
0.280269062882438   0.123232171188057   0.0137710328455164   -0.00843831563786421   0
0.335515361517744   0.105744597354617   0.0552462986353058   -0.01748757383344   0
0.35361169691172   0.129911850061927   0.0180963353939757   0.0241672527073099   0
0.29147691512628   0.142869372290959   -0.0621347817854391   0.0129575222290319   0
0.246151580182314   0.184958957149079   -0.0453253349439667   0.0420895848581209   0
0.342705195809007   0.137373648585136   0.0965536156266936   -0.0475853085639432   0
0.368475764567289   0.136911198941842   0.025770568758282   -0.000462449643294727   0
0.373419384220758   0.142464580333297   0.00494361965346862   0.00555338139145573   0
0.388070645140192   0.162705208845743   0.0146512609194342   0.0202406285124459   0
0.392706684605045   0.182234186858384   0.00463603946485325   0.0195289780126409   0
0.431143128163086   0.197372757014975   0.0384364435580411   0.0151385701565913   0
0.366415625232617   0.182838663140903   -0.064727502930469   -0.0145340938740726   0
0.271882758347711   0.15695874293378   -0.0945328668849061   -0.0258799202071225   0
0.242797231663069   0.117992578186281   -0.0290855266846423   -0.0389661647474994   0
0.370064015960334   0.136856813944867   0.127266784297265   0.0188642357585863   0
0.469813571585581   0.150939980073215   0.0997495556252476   0.0140831661283477   0
0.425667578086246   0.165058458204419   -0.0441459934993356   0.0141184781312043   0
0.386317270218405   0.184876409655376   -0.0393503078678408   0.019817951450957   0
0.33993926319478   0.17390962938484   -0.0463780070236247   -0.0109667802705359   0
0.404359635441286   0.184291925474212   0.0644203722465063   0.0103822960893717   0
0.480189542840377   0.207462249346164   0.0758299073990904   0.0231703238719522   0
0.414694262807492   0.188679353332525   -0.0654952800328843   -0.0187828960136387   0
0.404780207799109   0.214072911409361   -0.00991405500838322   0.0253935580768352   0
0.378911225484903   0.214202462712833   -0.0258689823142063   0.000129551303472003   0
0.490612147673581   0.233755600097474   0.111700922188678   0.0195531373846409   0
0.519752931969147   0.249414110931083   0.0291407842955663   0.0156585108336093   0
0.498784224524292   0.251536523972887   -0.0209687074448554   0.00212241304180366   0
0.447751095924108   0.266839672645917   -0.0510331286001836   0.0153031486730302   0
0.429952054707557   0.301814003787904   -0.0177990412165513   0.0349743311419874   0
0.460729637011871   0.324271317559617   0.0307775823043137   0.0224573137717129   0
0.526072646616425   0.313152173256358   0.0653430096045545   -0.0111191443032592   0
0.53904896853811   0.307172387879152   0.0129763219216847   -0.00597978537720623   0
0.533710769865702   0.330556746108172   -0.00533819867240803   0.0233843582290204   0
0.602117326870621   0.316838619413039   0.0684065570049195   -0.0137181266951329   0
0.769039313851689   0.334458279054015   0.166921986981068   0.0176196596409761   0
0.595457311843698   0.356510518915308   -0.173582002007991   0.0220522398612932   0
0.536620614917958   0.382861325153132   -0.0588366969257401   0.0263508062378234   0
0.507983718185888   0.343830018885455   -0.0286368967320693   -0.0390313062676766   0
0.455029491813102   0.354616017026717   -0.0529542263727861   0.0107859981412614   0
0.524386766605116   0.36646453517853   0.0693572747920136   0.0118485181518134   0
0.60175676370129   0.382188155775058   0.077369997096174   0.015723620596528   0
0.564585187892205   0.414500914486434   -0.037171575809085   0.0323127587113758   0
0.556707751977642   0.447308730451827   -0.00787743591456247   0.032807815965393   0
0.527113982473668   0.428115791453647   -0.0295937695039746   -0.0191929389981798   0
0.586848909355969   0.448524166511017   0.0597349268823012   0.0204083750573701   0
0.540296562105756   0.439149376891252   -0.0465523472502132   -0.00937478961976507   0
0.605300918277843   0.437925066283837   0.0650043561720873   -0.00122431060741512   0
0.595110269940114   0.447439405727452   -0.0101906483377289   0.00951433944361474   0
0.531624113925431   0.464865194202975   -0.0634861560146828   0.0174257884755237   0
0.495629289021071   0.505225187389119   -0.0359948249043605   0.0403599931861433   0
0.559038843062234   0.472687546665873   0.0634095540411631   -0.0325376407232453   0
0.599505123966678   0.465533393576667   0.0404662809044446   -0.00715415308920619   0
0.670006858973326   0.513700869933335   0.0705017350066477   0.0481674763566678   0
0.642615100696218   0.554929209089306   -0.0273917582771086   0.0412283391559709   0
0.625857574640383   0.572778953746456   -0.0167575260558346   0.0178497446571504   0
0.630856683261525   0.567172633006809   0.00499910862114172   -0.0056063207396474   0
0.700013557420285   0.568662188398519   0.0691568741587603   0.00148955539171014   0
0.684630498093275   0.565216799973474   -0.0153830593270096   -0.00344538842504472   0
0.745585502279356   0.564838853028988   0.060955004186081   -0.00037794694448634   0
0.777269560118554   0.577330196829163   0.0316840578391973   0.0124913438001751   0
0.613655121334655   0.612949512663647   -0.163614438783899   0.0356193158344841   0
0.561159278413892   0.629369937424407   -0.0524958429207629   0.0164204247607603   0
0.689061052783141   0.617926928839778   0.127901774369249   -0.0114430085846294   0
0.818240502437395   0.64964998016712   0.129179449654254   0.0317230513273425   0
1.0794116616487   0.622465907463407   0.261171159211307   -0.0271840727037138   0
0.889583039100055   0.666254733755498   -0.189828622548646   0.0437888262920917   0
0.812774958562756   0.62617216479755   -0.0768080805372988   -0.0400825689579485   0
0.807036035322098   0.614457355036955   -0.00573892324065861   -0.0117148097605954   0
0.845668589747195   0.624060139429975   0.0386325544250976   0.00960278439302065   0
0.868385354228156   0.643077120781489   0.0227167644809608   0.019016981351514   0
0.828591794660682   0.622517179868355   -0.0397935595674739   -0.0205599409131341   0
0.823973150630245   0.654924800323029   -0.00461864403043755   0.0324076204546744   0
0.837634372759191   0.660960538968296   0.0136612221289468   0.0060357386452663   0
0.957522158494852   0.65228068084468   0.11988778573566   -0.00867985812361527   0
1.03229418176914   0.691839664306697   0.0747720232742842   0.039558983462016   0
1.02504921481313   0.707282518403191   -0.00724496695600796   0.0154428540964943   0
0.988896809792736   0.71174445627659   -0.0361524050203925   0.00446193787339966   0
0.928768835652124   0.700096197366912   -0.0601279741406119   -0.0116482589096786   0
0.940043207870622   0.692686874364285   0.0112743722184986   -0.00740932300262709   0
0.887251642804796   0.576489783203484   -0.0527915650658258   -0.116197091160801   0
0.836283002460656   0.677188941916185   -0.0509686403441402   0.100699158712701   0
0.846935757334788   0.7574499756923   0.0106527548741313   0.0802610337761144   0
0.850408264379551   0.69019422882882   0.00347250704476332   -0.0672557468634792   0
0.884069155963853   0.713748591414423   0.0336608915843023   0.0235543625856024   0
0.824148098836787   0.68502134008511   -0.0599210571270664   -0.0287272513293126   0
0.735871018714041   0.712064744184123   -0.088277080122746   0.0270434040990125   0
0.965158801854907   0.72074012477334   0.229287783140867   0.00867538058921757   0
1.11607496498275   0.732579289348977   0.150916163127845   0.0118391645756372   0
1.0073383612622   0.720894033327508   -0.108736603720554   -0.0116852560214691   0
1.00190168188056   0.722341499619681   -0.00543667938164005   0.00144746629217296   0
1.10526001848886   0.747559799313239   0.103358336608304   0.0252182996935577   0
1.05514735044796   0.777693360120658   -0.0501126680408974   0.0301335608074195   0
1.0814075692604   0.835039694937566   0.0262602188124366   0.0573463348169072   0
1.00697650997401   0.80755133005726   -0.0744310592863899   -0.0274883648803057   0
1.09566923172737   0.801874637300808   0.0886927217533562   -0.005676692756452   0
1.29300570731095   0.782103072182147   0.197336475583582   -0.0197715651186608   0
1.15713261507056   0.785191842128726   -0.135873092240387   0.00308876994657914   0
1.11743868531159   0.820315155104156   -0.0396939297589751   0.0351233129754301   0
1.07921696529697   0.839432909089938   -0.0382217200146135   0.0191177539857813   0
1.18320641948081   0.819836646406033   0.103989454183841   -0.019596262683905   0
1.2427346961103   0.814831019351168   0.0595282766294853   -0.00500562705486429   0
1.16893182596946   0.825273527197625   -0.0738028701408429   0.0104425078464572   0
1.19292738818054   0.850412430392555   0.0239955622110846   0.0251389031949297   0
1.12927313663859   0.884576115349996   -0.0636542515419518   0.0341636849574412   0
1.32469211531345   0.852469477076599   0.195418978674855   -0.0321066382733974   0
1.35427259993852   0.841284229785518   0.0295804846250787   -0.0111852472910807   0
1.48178551340546   0.821729319907804   0.127512913466938   -0.0195549098777142   0
1.4952247520098   0.833241833668855   0.0134392386043352   0.0115125137610512   0
1.38657204923913   0.803635818585616   -0.108652702770664   -0.0296060150832396   0
1.41195041868376   0.845040720079845   0.0253783694446279   0.041404901494229   0
1.60102634209205   0.884531526445276   0.189075923408285   0.0394908063654313   0
1.33883568102926   0.851909285756777   -0.262190661062784   -0.0326222406884987   0
1.37754861057837   0.850284880414846   0.0387129295491118   -0.00162440534193087   0
1.48460186689057   0.869382649760198   0.107053256312193   0.0190977693453515   0
1.46561658494062   0.877337062351671   -0.0189852819499499   0.00795441259147311   0
1.42179557894264   0.885215561078549   -0.0438210059979769   0.00787849872687785   0
1.45290597623413   0.858294553733076   0.0311103972914852   -0.0269210073454729   0
1.55112503345147   0.910836767046484   0.0982190572173391   0.0525422133134077   0
1.58151019254928   0.921886768169421   0.0303851590978113   0.0110500011229376   0
1.52086183533987   0.907500951021321   -0.0606483572094059   -0.0143858171481003   0
1.50122978520946   0.893758171291799   -0.0196320501304115   -0.0137427797295223   0
1.60296305296546   0.918466181358688   0.101733267756004   0.0247080100668891   0
1.6099188638581   0.937240613536065   0.00695581089263797   0.0187744321773775   0
1.56739519610493   0.944319129858048   -0.0425236677531722   0.00707851632198242   0
1.61081125422261   0.921485465745179   0.0434160581176781   -0.0228336641128684   0
1.6552247214036   0.93859319598986   0.044413467180997   0.017107730244681   0
1.71186610830549   0.979122444793954   0.0566413869018902   0.0405292488040939   0
1.72064487237186   1.00327416148322   0.00877876406636124   0.0241517166892665   0
1.6685468435537   1.03335717278724   -0.0520980288181605   0.0300830113040205   0
1.6051138919998   1.01360255368662   -0.0634329515538909   -0.0197546191006199   0
1.58097011646307   1.02236614792063   -0.0241437755367355   0.00876359423400608   0
1.68756957887604   1.04732161803526   0.106599462412967   0.0249554701146351   0
1.69943260628399   1.09107215356742   0.0118630274079585   0.0437505355321588   0
1.72647210660649   1.08316684753397   0.0270395003224952   -0.00790530603345396   0
1.66038855136771   1.09086713747159   -0.0660835552387802   0.0077002899376224   0
1.70127923316418   1.06957460172339   0.0408906817964678   -0.0212925357481979   0
1.83598877868766   1.0919129055387   0.134709545523484   0.0223383038153111   0
1.79878677585417   1.13984196955064   -0.0372020028334914   0.0479290640119407   0
1.82750729225933   1.15592845213418   0.0287205164051552   0.0160864825835325   0
1.79604424042424   1.13830914832933   -0.031463051835084   -0.017619303804844   0
1.78327863086249   1.20411055260647   -0.0127656095617474   0.0658014042771353   0
1.94089978820823   1.22992753523947   0.157621157345738   0.0258169826330072   0
1.84350863470473   1.26601516925186   -0.0973911535035039   0.0360876340123839   0
1.78801702331283   1.27471547001785   -0.0554916113918935   0.00870030076599604   0
1.83605409051983   1.28841024132582   0.0480370672069981   0.0136947713079623   0
1.86980453262731   1.28122908227343   0.0337504421074792   -0.00718115905238936   0
1.93474631925603   1.29364365062584   0.0649417866287192   0.0124145683524173   0
1.85580306815328   1.34193942096444   -0.0789432511027541   0.0482957703385938   0
1.84470930697727   1.33897705021576   -0.0110937611760071   -0.00296237074867789   0
1.85364709361563   1.29412178151409   0.00893778663836486   -0.0448552687016675   0
1.91143491235773   1.31343339399703   0.0577878187420944   0.0193116124829376   1
1.99013710593608   1.30385157420046   0.0787021935783481   -0.00958181979656869   0
2.00323551423847   1.33005799773591   0.0130984083023886   0.0262064235354449   1
1.93539307812164   1.30996360568464   -0.0678424361168246   -0.0200943920512675   0
1.92251392455995   1.26862975662819   -0.0128791535616937   -0.0413338490564537   0
1.84535219483434   1.22056967697567   -0.0771617297256044   -0.0480600796525121   0
1.97451777595703   1.29291697708397   0.129165581122686   0.0723473001082922   0
1.90807925980429   1.30243671018643   -0.0664385161527377   0.00951973310246412   0
1.84668939844513   1.32064466507494   -0.0613898613591599   0.0182079548885108   0
