0.149154511958835   0.247323360604088   0   0   0
0.1456042194311   0.235882427547073   -0.0035502925277352   -0.0114409330570158   0
0.166235045354492   0.24521759389061   0.0206308259233917   0.00933516634353698   0
0.15751595687209   0.221611524581868   -0.00871908848240238   -0.0236060693087415   0
0.163559400449195   0.217365796316946   0.00604344357710501   -0.00424572826492239   0
0.159385603254654   0.186039678199947   -0.00417379719454053   -0.0313261181169984   0
0.223829979457623   0.187766281367955   0.0644443762029691   0.00172660316800741   0
0.241123613218036   0.169475349403357   0.0172936337604126   -0.0182909319645977   0
0.168610221507624   0.18780407234336   -0.0725133917104119   0.0183287229400028   0
0.210111517840432   0.191219297607485   0.0415012963328077   0.00341522526412519   0
0.195789799481383   0.188686412568586   -0.014321718359049   -0.00253288503889959   0
0.272512273388631   0.134350858115979   0.0767224739072485   -0.0543355544526063   0
0.184640160485253   0.123542670736916   -0.087872112903378   -0.0108081873790635   0
0.150067257883457   0.119677402991553   -0.034572902601796   -0.00386526774536314   0
0.149885080027667   0.115596982801683   -0.0001821778557905   -0.00408042018987009   0
0.135217612086148   0.0991726908065547   -0.0146674679415185   -0.0164242919951279   0
0.173724999542639   0.0632564774135622   0.0385073874564912   -0.0359162133929925   0
0.187500932837466   0.0513632839544455   0.013775933294827   -0.0118931934591167   0
0.21609330199245   0.0522917096524153   0.0285923691549834   0.000928425697969741   0
0.199890652395879   0.0353793577711439   -0.0162026495965709   -0.0169123518812714   0
0.131226351066087   0.0460839688884866   -0.0686643013297913   0.0107046111173427   0
0.167283167553134   0.0368990849520689   0.0360568164870469   -0.00918488393641766   0
0.180838670935644   0.0930260421191426   0.0135555033825094   0.0561269571670737   1
0.218379286219023   0.120160856941031   0.0375406152833795   0.0271348148218888   0
0.110135091197084   0.173045919545543   -0.108244195021939   0.0528850626045114   0
0.100247555414124   0.174800740475899   -0.0098875357829598   0.00175482093035584   0
0.0935694870091255   0.158274846941452   -0.00667806840499865   -0.0165258935344469   0
0.200783283738189   0.165349199361057   0.107213796729063   0.00707435241960488   0
0.109234565236009   0.177231538887129   -0.0915487185021793   0.0118823395260725   0
0.105075779401582   0.150479129477355   -0.00415878583442705   -0.0267524094097745   0
0.230935356100988   0.144380423919363   0.125859576699405   -0.00609870555799163   0
0.16663670784557   0.159089793631843   -0.0642986482554173   0.0147093697124802   0
0.223274423560537   0.143378820823614   0.0566377157149664   -0.0157109728082293   0
0.129306415798521   0.176945134901959   -0.0939680077620158   0.0335663140783451   0
0.211610074873575   0.147992769390036   0.082303659075054   -0.0289523655119227   0
0.176687917819556   0.163939884204729   -0.0349221570540195   0.0159471148146927   0
0.106531014388534   0.158977600122855   -0.0701569034310217   -0.00496228408187377   0
0.246197352191286   0.183236927745372   0.139666337802752   0.0242593276225161   0
0.150530513867986   0.1894541803902   -0.0956668383232995   0.00621725264482864   0
0.267423007329212   0.182122225530418   0.116892493461226   -0.00733195485978197   0
0.129050600732931   0.196073817584118   -0.138372406596281   0.0139515920536998   0
0.215232351922289   0.189393600401182   0.0861817511893578   -0.00668021718293629   0
0.246288575524729   0.192321440485228   0.0310562236024398   0.00292784008404579   0
0.400307408164975   0.156265886129259   0.154018832640246   -0.0360555543559686   0
0.165840058888738   0.180727334188447   -0.234467349276237   0.0244614480591878   0
0.261091760706844   0.18365442183189   0.0952517018181065   0.0029270876434431   0
0.120410568400713   0.193360408239419   -0.140681192306131   0.00970598640752948   0
0.206256961316437   0.186375575847937   0.0858463929157231   -0.00698483239148259   0
0.153597444818265   0.211247648446468   -0.0526595164981714   0.0248720725985312   0
0.227423014905792   0.199279657832812   0.0738255700875267   -0.0119679906136563   0
0.211291691354677   0.195907414413805   -0.016131323551115   -0.00337224341900624   0
0.276502502343107   0.209640103553829   0.0652108109884304   0.0137326891400232   0
0.210744725563892   0.20659067534466   -0.0657577767792155   -0.00304942820916909   0
0.219983951677299   0.195610793664997   0.00923922611340683   -0.0109798816796626   0
0.22135498100088   0.216203235505167   0.0013710293235816   0.0205924418401696   0
0.216449270355088   0.23481870192787   -0.00490571064579207   0.0186154664227038   0
0.288380597507877   0.194193911101642   0.0719313271527887   -0.0406247908262281   0
0.235861046669453   0.211109447438769   -0.0525195508384235   0.0169155363371271   0
0.286030048877736   0.207458162749294   0.0501690022082827   -0.00365128468947545   0
0.273012598325444   0.197161726800037   -0.0130174505522923   -0.0102964359492567   0
0.304264631340877   0.226943502098149   0.0312520330154337   0.0297817752981117   0
0.262377609908563   0.188357680933749   -0.0418870214323144   -0.0385858211643998   0
0.259572179274282   0.19738062190585   -0.0028054306342809   0.00902294097210068   0
0.310793056244827   0.166223402892952   0.0512208769705447   -0.0311572190128981   0
0.25125058694411   0.181153795173355   -0.0595424693007162   0.0149303922804038   1
0.321612205569067   0.182918901681018   0.0703616186249569   0.00176510650766282   0
0.393607327729045   0.159773694263949   0.0719951221599778   -0.0231452074170687   1
0.246044309552893   0.204836106827507   -0.147563018176152   0.0450624125635578   0
0.29210658594015   0.276242904602996   0.0460622763872562   0.0714067977754888   0
0.284711656921525   0.276234663982677   -0.00739492901862482   -8.24062031906658e-06   0
0.207438007114511   0.268414884340684   -0.0772736498070135   -0.00781977964199354   0
0.19131652072925   0.266224980901962   -0.016121486385261   -0.00218990343872161   0
0.205331958919161   0.259970861660975   0.0140154381899108   -0.00625411924098651   0
0.19410511411153   0.27742943825683   -0.0112268448076312   0.0174585765958542   0
0.240586885104342   0.278213853328555   0.0464817709928125   0.000784415071725053   0
0.214240721573076   0.256043783280985   -0.0263461635312658   -0.0221700700475697   0
0.301276788408931   0.264824643059252   0.0870360668358549   0.00878085977826659   0
0.226051031309061   0.275318573269408   -0.0752257570998705   0.0104939302101567   0
0.234089270843326   0.285720168932563   0.00803823953426513   0.010401595663155   0
0.272311183983857   0.280273525687408   0.038221913140531   -0.00544664324515554   0
0.263414964778032   0.278130623948982   -0.00889621920582545   -0.0021429017384258   0
0.331246384744045   0.27433553614552   0.0678314199660137   -0.00379508780346177   0
0.278997600980869   0.278050728980343   -0.0522487837631765   0.00371519283482258   0
0.335782671263721   0.312066804573155   0.0567850702828522   0.0340160755928128   0
0.2904786157694   0.316214976293818   -0.0453040554943205   0.00414817172066273   0
0.275077343994612   0.321573959111275   -0.0154012717747885   0.00535898281745684   0
0.309691144654234   0.318698513455115   0.0346138006596227   -0.00287544565616027   0
0.32668017074567   0.330097868746149   0.0169890260914353   0.0113993552910344   0
0.371298199032799   0.339377514993996   0.0446180282871292   0.00927964624784683   0
0.322126104144355   0.338661389311285   -0.0491720948884438   -0.000716125682710678   0
0.356822519269861   0.384130397877466   0.0346964151255054   0.0454690085661801   0
0.347950213966036   0.356629202479971   -0.00887230530382488   -0.0275011953974947   0
0.35675650344794   0.373289487069352   0.00880628948190437   0.0166602845893814   0
0.385779377294847   0.364826945021198   0.0290228738469071   -0.0084625420481545   0
0.310008079308798   0.367620500716772   -0.0757712979860491   0.00279355569557416   0
0.35682798722774   0.359681727062621   0.0468199079189417   -0.00793877365415058   0
0.304163772686837   0.34865933025842   -0.0526642145409025   -0.0110223968042013   0
0.285225389746583   0.317385795558418   -0.0189383829402546   -0.0312735347000018   0
0.386373303408763   0.336304637900669   0.10114791366218   0.0189188423422507   0
0.297638889531084   0.328707888870194   -0.0887344138776788   -0.00759674903047458   0
0.379703637813756   0.351995670578489   0.0820647482826719   0.0232877817082945   0
0.337788024675372   0.340466506059333   -0.0419156131383835   -0.0115291645191556   0
0.32055082197101   0.326019718887524   -0.0172372027043627   -0.0144467871718094   0
0.444637046874189   0.332188344535521   0.12408622490318   0.00616862564799719   0
0.34039443855689   0.345896640879179   -0.1042426083173   0.0137082963436584   0
0.492201969759366   0.361309053071259   0.151807531202477   0.0154124121920798   0
0.361850337920778   0.372950522604876   -0.130351631838589   0.0116414695336166   0
0.468913342211543   0.364968242340344   0.107063004290766   -0.00798228026453196   0
0.397424641307871   0.375142793305096   -0.0714887009036723   0.0101745509647522   0
0.384546059983716   0.378734446815642   -0.0128785813241548   0.00359165351054552   0
0.405474449006346   0.330424968922598   0.0209283890226297   -0.0483094778930434   0
0.396286898588258   0.3329048578836   -0.0091875504180885   0.00247988896100193   0
0.412647620457334   0.357499210016959   0.0163607218690764   0.0245943521333592   0
0.446860116863935   0.396407046462345   0.0342124964066014   0.0389078364453859   0
0.501083289174564   0.378391208344618   0.0542231723106288   -0.0180158381177274   0
0.422576892278754   0.397573209044888   -0.0785063968958098   0.0191820007002699   1
0.408677711593133   0.375598413343294   -0.0138991806856214   -0.0219747957015937   0
0.38829780591752   0.38343258137155   -0.0203799056756131   0.00783416802825548   0
0.400445957496664   0.396672903351741   0.012148151579144   0.0132403219801919   0
0.395007021547377   0.384706908200256   -0.00543893594928685   -0.0119659951514857   0
0.393315198678796   0.38003287866907   -0.00169182286858144   -0.0046740295311859   0
0.437017714480775   0.357487932527099   0.0437025158019791   -0.0225449461419704   0
0.400368812465219   0.382312939940568   -0.0366489020155554   0.0248250074134682   0
0.435156473560948   0.383452049048509   0.0347876610957286   0.00113910910794124   0
0.420637533486417   0.395113980277843   -0.0145189400745311   0.0116619312293346   0
0.404361103612613   0.407851683231478   -0.0162764298738042   0.0127377029536347   0
0.434521086428967   0.407395206663321   0.0301599828163546   -0.000456476568157171   0
0.38455795084602   0.395924075485755   -0.049963135582947   -0.0114711311775658   0
0.379353532875882   0.369081035755361   -0.00520441797013821   -0.0268430397303943   0
0.370934103425676   0.389470542427473   -0.00841942945020607   0.020389506672112   1
0.432137094658119   0.384487365055732   0.0612029912324429   -0.00498317737174059   0
0.443839180652227   0.427370180635594   0.0117020859941079   0.0428828155798614   0
0.511034606023897   0.431784574211203   0.0671954253716706   0.00441439357560947   0
0.447600715537391   0.441921915237579   -0.0634338904865064   0.0101373410263758   0
0.442870390454137   0.438330326921376   -0.00473032508325366   -0.00359158831620338   0
0.469326107560617   0.430565218777597   0.0264557171064799   -0.00776510814377857   0
0.414180716342903   0.440126318843238   -0.0551453912177145   0.00956110006564137   0
0.506084969894384   0.436884885351393   0.0919042535514818   -0.00324143349184525   0
0.413570675291018   0.429810401184639   -0.0925142946033661   -0.0070744841667546   0
0.48115425472607   0.437690000127088   0.0675835794350518   0.00787959894244911   0
0.401275307057698   0.438076559235084   -0.0798789476683719   0.000386559107996287   0
0.444044458752724   0.475462205001617   0.0427691516950262   0.0373856457665334   0
0.5014369897355   0.465519182353155   0.0573925309827757   -0.00994302264846242   0
0.456802583546293   0.49122586388697   -0.0446344061892066   0.0257066815338151   0
0.544742425123104   0.486225523779347   0.0879398415768101   -0.00500034010762346   0
0.480315061766639   0.487344970087155   -0.0644273633564647   0.00111944630780836   1
0.559350506864882   0.481733653487329   0.0790354450982428   -0.005611316599826   0
0.471698462654877   0.487539984112585   -0.0876520442100049   0.00580633062525643   0
0.544343719086571   0.483974807283654   0.0726452564316944   -0.00356517682893148   0
0.479956958112881   0.476657570183512   -0.06438676097369   -0.00731723710014159   0
0.520954341203718   0.488484042628313   0.040997383090837   0.0118264724448011   0
0.493362930043432   0.486047246267531   -0.0275914111602866   -0.00243679636078242   0
0.512676733755297   0.479687987067114   0.0193138037118657   -0.00635925920041674   0
0.50939229452849   0.467735104975829   -0.00328443922680721   -0.011952882091285   0
0.480242188258778   0.47102143938254   -0.0291501062697117   0.00328633440671094   0
0.471659487425293   0.446987370339197   -0.00858270083348561   -0.0240340690433437   0
0.487220056944703   0.486206388896218   0.0155605695194106   0.039219018557021   0
0.502505294757389   0.480983983634331   0.0152852378126853   -0.005222405261887   0
0.500004232075929   0.503487278610145   -0.00250106268145922   0.0225032949758146   0
0.535650668882248   0.490979115803819   0.0356464368063187   -0.0125081628063261   0
0.471983162357737   0.498804534507005   -0.0636675065245111   0.00782541870318593   0
0.566006803992673   0.557034177241173   0.0940236416349358   0.0582296427341675   0
0.421528846243226   0.506249369964299   -0.144477957749447   -0.0507848072768732   0
0.45034972646138   0.494923961066243   0.0288208802181539   -0.0113254088980563   0
0.409625920520394   0.474790874561369   -0.0407238059409863   -0.0201330865048736   0
0.390018452005902   0.419186748834574   -0.019607468514492   -0.0556041257267956   0
0.442728455309798   0.405274161197701   0.0527100033038962   -0.013912587636873   0
0.439133443669382   0.428824462085012   -0.00359501164041653   0.0235503008873113   0
0.527305165369163   0.460970548402227   0.088171721699781   0.0321460863172149   0
0.38931313527577   0.410812158935504   -0.137992030093393   -0.0501583894667229   0
0.494580868487652   0.429927616987732   0.105267733211882   0.0191154580522279   0
0.406054071138611   0.422558302830805   -0.0885267973490411   -0.00736931415692738   0
0.442732138233718   0.445195540712449   0.0366780670951072   0.0226372378816445   0
0.431390158422164   0.392695456603778   -0.0113419798115537   -0.0525000841086708   0
0.471277381691091   0.401592258856542   0.0398872232689265   0.00889680225276385   0
0.461808029063376   0.439017540600316   -0.0094693526277147   0.0374252817437736   0
0.484340247317299   0.45040585322268   0.0225322182539229   0.0113883126223638   0
0.556524681180449   0.419124317814238   0.0721844338631497   -0.0312815354084421   0
0.528380398052927   0.42898756410705   -0.0281442831275213   0.00986324629281199   1
0.588506208301867   0.442902571674911   0.0601258102489391   0.0139150075678618   0
0.55882372506744   0.463493610022026   -0.0296824832344263   0.0205910383471147   0
0.554117104827175   0.474773206021833   -0.00470662024026547   0.0112795959998071   0
0.576819290706968   0.479811211934705   0.0227021858797937   0.00503800591287146   0
0.576615074274241   0.485244259034046   -0.000204216432727722   0.00543304709934112   0
0.608147597947973   0.492953203460785   0.0315325236737328   0.00770894442673919   0
0.66151749490046   0.500479165930511   0.0533698969524865   0.0075259624697262   0
0.656706077646682   0.490688749959177   -0.00481141725377787   -0.00979041597133384   0
0.665969355298913   0.529701900830552   0.00926327765223101   0.0390131508713747   0
0.670981479176773   0.534565044670197   0.00501212387785965   0.00486314383964526   0
